ORFID,name,patric,essentiality,strain,VI,VI_lower,VI_higher,high_confidence,Unnamed: 9,uniprot_id
Rv1447c,zwf2,glucose-6-phosphate 1-dehydrogenase Zwf2,NonEssential,H37Rv,0.965,-0.581,3.622,False,,P9WN73
Rv1121,zwf1,glucose-6-phosphate 1-dehydrogenase Zwf1,NonEssential,H37Rv,0.801,-1.953,4.516,False,,P9WN71
Rv2359,zur,zinc uptake regulation protein Zur,NonEssential,H37Rv,-2.034,-3.773,0.488,False,,P9WN85
Rv0198c,zmp1,zinc metalloprotease Zmp1,NonEssential,H37Rv,1.466,-0.523,4.646,False,,I6X8R2
Rv3501c,yrbE4A,ABC transporter permease YrbE4A,NonEssential,H37Rv,1.051,-1.308,4.809,False,,O53546
Rv1965,yrbE3B,ABC transporter permease YrbE3B,NonEssential,H37Rv,0.997,-0.769,3.905,False,,O53966
Rv1964,yrbE3A,ABC transporter permease YrbE3A,NonEssential,H37Rv,1.13,-0.672,4.295,False,,O53965
Rv0588,yrbE2B,ABC transporter permease YrbE2B,NonEssential,H37Rv,-0.602,-5.62,5.961,False,,O07790
Rv0587,yrbE2A,ABC transporter permease YrbE2A,NonEssential,H37Rv,0.238,-2.408,3.811,False,,I6Y870
Rv0168,yrbE1B,ABC transporter permease YrbE1B,NonEssential,H37Rv,-0.162,-4.555,5.41,False,,L0T2Q9
Rv0167,yrbE1A,ABC transporter permease YrbE1A,NonEssential,H37Rv,-0.595,-4.857,4.913,False,,O07412
Rv2287,yjcE,membrane transporter YjcE,NonEssential,H37Rv,1.313,-0.524,4.18,False,,P9WJI3
Rv2149c,yfiH,hypothetical protein,NonEssential,H37Rv,-1.021,-4.101,2.109,False,,P9WKD5
Rv2588c,yajC,preprotein translocase subunit YajC,NonEssential,H37Rv,-0.801,-3.651,2.935,False,,P9WL75
Rv0729,xylB,xylulokinase XylB,NonEssential,H37Rv,0.628,-1.541,3.734,False,,I6Y4K0
Rv0427c,xthA,exodeoxyribonuclease III protein XthA,NonEssential,H37Rv,0.978,-1.196,4.532,False,,P96273
Rv1107c,xseB,exodeoxyribonuclease VII small subunit XseB,NonEssential,H37Rv,-0.632,-1.673,0.511,False,,P9WF29
Rv1108c,xseA,exodeoxyribonuclease VII large subunit XseA,NonEssential,H37Rv,0.957,-0.707,3.38,False,,P9WF31
Rv2894c,xerC,tyrosine recombinase xerC,NonEssential,H37Rv,-0.64,-4.74,4.677,False,,P9WF35
Rv3197A,whiB7,transcriptional regulator WhiB-like WhiB7,NonEssential,H37Rv,-0.17,-1.391,1.072,False,,Q6MX01
Rv3862c,whiB6,transcriptional regulator WhiB-like WhiB6,NonEssential,H37Rv,0.309,-1.343,2.287,False,,P9WF37
Rv0022c,whiB5,transcriptional regulator WhiB-like WhiB5,NonEssential,H37Rv,0.687,-0.271,2.257,False,,P71592
Rv3681c,whiB4,transcriptional regulator WhiB-like WhiB4,NonEssential,H37Rv,0.69,-0.365,2.286,False,,P9WF39
Rv3416,whiB3,transcriptional regulator WhiB-like WhiB3,NonEssential,H37Rv,-0.205,-0.321,-0.088,False,,P9WF41
Rv1525,wbbL2,rhamnosyl transferase WbbL2,NonEssential,H37Rv,0.403,-1.65,3.595,False,,P9WLV3
Rv1759c,wag22,PE-PGRS family protein Wag22,NonEssential,H37Rv,1.154,-0.595,4.108,False,,P9WIG5
Rv2895c,viuB,mycobactin utilization protein viuB,NonEssential,H37Rv,0.562,-0.51,2.127,False,,P9WL31
Rv3082c,virS,virulence-regulating transcriptional regulator VirS,NonEssential,H37Rv,0.335,-3.032,5.317,False,,P9WMJ3
Rv0960,vapC9,toxin VapC9,NonEssential,H37Rv,-2.073,-12.501,8.976,False,,P9WFA9
Rv0665,vapC8,toxin VapC8,NonEssential,H37Rv,0.619,-0.459,2.306,False,,P9WFB1
Rv0661c,vapC7,toxin VapC7,NonEssential,H37Rv,0.629,-0.423,2.097,False,,P9WFB3
Rv3697c,vapC48,toxin VapC48,NonEssential,H37Rv,0.947,-4.052,6.939,False,,P9WF47
Rv3384c,vapC46,toxin VapC46,NonEssential,H37Rv,0.383,-0.679,1.992,False,,O50411
Rv3320c,vapC44,toxin VapC44,NonEssential,H37Rv,0.894,-1.507,4.436,False,,P9WF53
Rv2872,vapC43,toxin VapC43,NonEssential,H37Rv,-0.065,-0.797,0.801,False,,P9WF55
Rv2759c,vapC42,toxin VapC42,NonEssential,H37Rv,0.292,-0.375,1.159,False,,P9WF57
Rv2602,vapC41,toxin VapC41,NonEssential,H37Rv,1.005,-0.532,3.617,False,,P9WF59
Rv0595c,vapC4,toxin VapC4,NonEssential,H37Rv,0.493,-8.023,9.457,False,,O07783
Rv2530c,vapC39,toxin VapC39,NonEssential,H37Rv,0.432,-0.651,1.979,False,,P9WF63
Rv2494,vapC38,toxin VapC38,NonEssential,H37Rv,1.181,-0.192,3.496,False,,O53219
Rv2103c,vapC37,toxin VapC37,NonEssential,H37Rv,1.097,-0.331,3.442,False,,O53501
Rv1982c,vapC36,toxin VapC36,NonEssential,H37Rv,0.361,-0.821,2.012,False,,P9WF65
Rv1962c,vapC35,toxin VapC35,NonEssential,H37Rv,0.584,-0.224,1.735,False,,P9WF67
Rv1741,vapC34,toxin VapC34,NonEssential,H37Rv,0.763,-0.397,2.768,False,,P9WF71
Rv1242,vapC33,toxin VapC33,NonEssential,H37Rv,0.632,-0.664,2.529,False,,P9WF69
Rv1114,vapC32,toxin VapC32,NonEssential,H37Rv,0.11,-2.99,3.961,False,,P9WF73
Rv0749,vapC31,toxin VapC31,NonEssential,H37Rv,0.99,-0.691,3.404,False,,P9WF75
Rv0624,vapC30,toxin VapC30,NonEssential,H37Rv,1.203,-0.14,3.452,False,,P9WF77
Rv0549c,vapC3,toxin VapC3,NonEssential,H37Rv,0.276,-0.503,1.428,False,,P9WFB7
Rv0617,vapC29,toxin VapC29,NonEssential,H37Rv,0.554,-1.854,3.575,False,,P9WF79
Rv0609,vapC28,toxin VapC28,NonEssential,H37Rv,0.633,-0.376,2.273,False,,P9WF81
Rv0598c,vapC27,toxin VapC27,NonEssential,H37Rv,1.096,-0.476,3.358,False,,P9WF83
Rv0582,vapC26,toxin VapC26,NonEssential,H37Rv,-0.073,-3.441,4.062,False,,O53779
Rv0277c,vapC25,toxin VapC25,NonEssential,H37Rv,1.036,-0.213,3.208,False,,P9WF85
Rv0240,vapC24,toxin VapC24,NonEssential,H37Rv,1.33,-0.139,3.944,False,,P9WF87
Rv2863,vapC23,toxin VapC23,NonEssential,H37Rv,1.269,-0.244,3.627,False,,P9WF89
Rv2829c,vapC22,toxin VapC22,NonEssential,H37Rv,0.143,-3.63,4.087,False,,P71623
Rv2757c,vapC21,toxin VapC21,NonEssential,H37Rv,1.923,-1.157,5.382,False,,P9WF91
Rv2549c,vapC20,toxin VapC20,NonEssential,H37Rv,0.642,-0.367,2.15,False,,P95004
Rv0301,vapC2,toxin VapC2,NonEssential,H37Rv,0.757,-0.443,2.563,False,,P9WFB9
Rv2548,vapC19,toxin VapC19,NonEssential,H37Rv,1.014,-0.516,3.39,False,,P9WF93
Rv2546,vapC18,toxin VapC18,NonEssential,H37Rv,1,-0.495,3.689,False,,P95007
Rv2527,vapC17,toxin VapC17,NonEssential,H37Rv,1.114,-0.718,4.025,False,,P9WF95
Rv2010,vapC15,toxin VapC15,NonEssential,H37Rv,0.483,-0.651,2.283,False,,P9WF97
Rv1720c,vapC12,toxin VapC12,NonEssential,H37Rv,1.013,-0.567,3.144,False,,P9WFA3
Rv1561,vapC11,toxin VapC11,NonEssential,H37Rv,0.196,-0.531,1.316,False,,P9WFA5
Rv1397c,vapC10,toxin VapC10,NonEssential,H37Rv,0.657,-0.318,2.291,False,,P9WFA7
Rv0065,vapC1,toxin VapC1,NonEssential,H37Rv,0.956,-1.015,4.122,False,,P9WFC1
Rv0959A,vapB9,antitoxin VapB9,NonEssential,H37Rv,1.202,-0.366,3.915,False,,P9WJ55
Rv0664,vapB8,antitoxin VapB8,NonEssential,H37Rv,Not Present.,Not Present.,Not Present.,Not Present.,Not Present.,O06775
Rv0626,vapB5,antitoxin VapB5,NonEssential,H37Rv,0.497,-0.478,1.747,False,,P9WF19
Rv3697A,vapB48,antitoxin VapB48,NonEssential,H37Rv,1.093,-0.27,3.202,False,,P9WJ15
Rv3385c,vapB46,antitoxin VapB46,NonEssential,H37Rv,0.528,-0.18,1.373,False,,P9WF13
Rv2871,vapB43,antitoxin VapB43,NonEssential,H37Rv,-0.14,-2.514,2.975,False,,P9WL41
Rv2760c,vapB42,antitoxin VapB42,NonEssential,H37Rv,0.665,-0.352,2.081,False,,P9WJ19
Rv0596c,vapB4,antitoxin VapB4,NonEssential,H37Rv,-0.152,-1.348,1.302,False,,P9WF21
Rv2530A,vapB39,antitoxin VapB39,NonEssential,H37Rv,0.568,-2.405,4.671,False,,P9WJ23
Rv2104c,vapB37,antitoxin VapB37,NonEssential,H37Rv,0.37,-0.783,2.043,False,,P9WJ27
Rv1982A,vapB36,antitoxin VapB36,NonEssential,H37Rv,0.276,-0.971,2.13,False,,P9WJ29
Rv1962A,vapB35,antitoxin VapB35,NonEssential,H37Rv,0.824,-0.408,2.546,False,,P9WF17
Rv1740,vapB34,antitoxin VapB34,NonEssential,H37Rv,0.171,-0.651,1.393,False,,P9WJ31
Rv1113,vapB32,antitoxin VapB32,NonEssential,H37Rv,1.289,-0.351,3.824,False,,P9WJ33
Rv0748,vapB31,antitoxin VapB31,NonEssential,H37Rv,-0.016,-1.968,1.831,False,,O53811
Rv0623,vapB30,antitoxin VapB30,NonEssential,H37Rv,1.849,-5.237,8.916,False,,P9WJ35
Rv0550c,vapB3,antitoxin VapB3,NonEssential,H37Rv,-2.591,-13.88,7.899,False,,P9WJ59
Rv0616A,vapB29,antitoxin VapB29,NonEssential,H37Rv,-1.349,-11.022,9.341,False,,P9WJ37
Rv0599c,vapB27,antitoxin VapB27,NonEssential,H37Rv,0.063,-1.483,1.701,False,,O07779
Rv0581,vapB26,antitoxin VapB26,NonEssential,H37Rv,-1.592,-12.674,8.405,False,,O53778
Rv0239,vapB24,antitoxin VapB24,NonEssential,H37Rv,Not Present.,Not Present.,Not Present.,Not Present.,Not Present.,P9WJ41
Rv2758c,vapB21,antitoxin VapB21,NonEssential,H37Rv,0.084,-2.191,2.973,False,,P9WJ43
Rv2550c,vapB20,antitoxin VapB20,NonEssential,H37Rv,1.12,-0.372,3.485,False,,P9WJ45
Rv0300,vapB2,antitoxin VapB2,NonEssential,H37Rv,0.872,-0.221,2.468,False,,O07227
Rv2547,vapB19,antitoxin VapB19,NonEssential,H37Rv,0.621,-0.478,2.293,False,,P95006
Rv2545,vapB18,antitoxin VapB18,NonEssential,H37Rv,0.974,-0.226,2.953,False,,P9WJ47
Rv2231B,vapB16,antitoxin VapB16,NonEssential,H37Rv,-1.692,-12.187,8.852,False,,P0CW31
Rv2009,vapB15,antitoxin VapB15,NonEssential,H37Rv,1.817,-0.062,5.048,False,,P9WLM7
Rv1839c,vapB13,antitoxin VapB13,NonEssential,H37Rv,0.505,-1.195,2.693,False,,P9WJ51
Rv1721c,vapB12,antitoxin VapB12,NonEssential,H37Rv,1.027,-0.336,3.306,False,,P9WJ53
Rv1560,vapB11,antitoxin VapB11,NonEssential,H37Rv,0.107,-2.615,3.354,False,,P9WLU3
Rv1398c,vapB10,antitoxin VapB10,NonEssential,H37Rv,0.592,-0.855,2.642,False,,P9WLZ1
Rv0064A,vapB1,antitoxin VapB1,NonEssential,H37Rv,-0.041,-4.128,4.679,False,,P0CW29
Rv0949,uvrD1,ATP-dependent DNA helicase II UvrD1,NonEssential,H37Rv,-2.031,-6.049,3.125,False,,P9WMQ1
Rv1420,uvrC,excinuclease ABC UvrC,NonEssential,H37Rv,-0.188,-2.764,3.753,False,,P9WFC5
Rv1633,uvrB,excinuclease ABC UvrB,NonEssential,H37Rv,0.71,-0.676,2.382,False,,P9WFC7
Rv1638,uvrA,excinuclease ABC UvrA,NonEssential,H37Rv,0.742,-1.805,4.773,False,,P9WQK7
Rv2318,uspC,periplasmic sugar-binding lipoprotein UspC,NonEssential,H37Rv,0.926,-0.435,3.438,False,,P71894
Rv2317,uspB,sugar-transport ABC transporter integral membrane protein UspB,NonEssential,H37Rv,1.288,-0.444,4.543,False,,L7N652
Rv2316,uspA,sugar-transport ABC transporter integral membrane protein UspA,NonEssential,H37Rv,1.672,-0.169,4.788,False,,P71896
Rv1852,ureG,urease accessory protein UreG,NonEssential,H37Rv,0.675,-0.944,3.043,False,,P9WFE3
Rv1851,ureF,urease accessory protein UreF,NonEssential,H37Rv,1.187,-0.454,3.789,False,,P9WFE5
Rv1853,ureD,urease accessory protein UreD,NonEssential,H37Rv,0.728,-0.625,2.768,False,,P95161
Rv1850,ureC,urease alpha subunit UreC,NonEssential,H37Rv,0.391,-1.351,2.919,False,,P9WFF1
Rv1849,ureB,urease beta subunit UreB,NonEssential,H37Rv,0.536,-0.891,2.498,False,,P9WFE9
Rv1848,ureA,urease gamma subunit UreA,NonEssential,H37Rv,0.809,-0.778,3.337,False,,P9WFE7
Rv3309c,upp,uracil phosphoribosyltransferase Upp,NonEssential,H37Rv,1.653,-1.504,5.292,False,,P9WFF3
Rv2976c,ung,uracil DNA glycosylase Ung,NonEssential,H37Rv,0.587,-1.253,3.434,False,,P9WFQ9
Rv0469,umaA,mycolic acid synthase UmaA,NonEssential,H37Rv,0.002,-4.555,5.392,False,,Q6MX39
Rv2834c,ugpE,sn-glycerol-3-phosphate transport ABC transporter integral membrane protein UgpE,NonEssential,H37Rv,0.48,-2.486,4.438,False,,I6Y1U3
Rv2832c,ugpC,sn-glycerol-3-phosphate transport ABC transporter ATP-binding protein UgpC,NonEssential,H37Rv,0.09,-3.747,4.83,False,,I6X5H3
Rv2833c,ugpB,sn-glycerol-3-phosphate transport ABC transporter sn-glycerol-3-phosphate-binding lipoprotein UgpB,NonEssential,H37Rv,0.997,-0.422,2.393,False,,P71619
Rv2835c,ugpA,sn-glycerol-3-phosphate transport ABC transporter integral membrane protein UgpA,NonEssential,H37Rv,0.92,-0.992,3.854,False,,I6XFF3
Rv0447c,ufaA1,cyclopropane-fatty-acyl-phospholipid synthase UfaA1,NonEssential,H37Rv,1.549,-1.956,6.262,False,,O53732
Rv1259,udgB,uracil DNA glycosylase UdgB,NonEssential,H37Rv,1.236,-1.122,4.569,False,,P9WM53
Rv0322,udgA,UDP-glucose 6-dehydrogenase UdgA,NonEssential,H37Rv,0.898,-2.836,6.143,False,,O07248
Rv1165,typA,GTP-binding protein TypA/BipA,NonEssential,H37Rv,0.832,-1.434,4.22,False,,O06563
Rv3914,trxC,thioredoxin TrxC,NonEssential,H37Rv,-1.899,-7.504,4.782,False,,P9WG67
Rv1471,trxB1,thioredoxin TrxB1,NonEssential,H37Rv,0.463,-0.308,1.616,False,,L7N664
Rv1470,trxA,thioredoxin TrxA,NonEssential,H37Rv,0.158,-1.461,1.908,False,,O53161
Rv2793c,truB,tRNA pseudouridine synthase B TruB,NonEssential,H37Rv,-0.013,-1.35,1.967,False,,P9WHP7
Rv3024c,trmU,tRNA (5-methylaminomethyl-2-thiouridylate)-methyltransferase TrmU,NonEssential,H37Rv,0.236,-3.453,5.07,False,,P9WJS5
Rv1562c,treZ,maltooligosyltrehalose trehalohydrolase TreZ,NonEssential,H37Rv,1.595,-0.138,4.688,False,,P9WQ23
Rv1563c,treY,maltooligosyltrehalose synthase TreY,NonEssential,H37Rv,1.598,-0.303,4.917,False,,P9WQ21
Rv1564c,treX,maltooligosyltrehalose synthase TreX,NonEssential,H37Rv,1.391,-0.717,4.796,False,,P9WQ25
Rv0126,treS,trehalose synthase TreS,NonEssential,H37Rv,-1.651,-4.675,2.597,False,,P9WQ19
Rv1032c,trcS,two-component system sensor histidine kinase TrcS,NonEssential,H37Rv,0.541,-0.545,2.242,False,,P96368
Rv1932,tpx,thiol peroxidase Tpx,NonEssential,H37Rv,1.102,-0.614,4.069,False,,P9WG35
Rv1694,tlyA,2'-O-methyltransferase TlyA,NonEssential,H37Rv,-3.128,-9.112,3.945,False,,P9WJ63
Rv2462c,tig,trigger factor protein Tig,NonEssential,H37Rv,0.507,-0.925,3.015,False,,P9WG55
Rv3088,tgs4,triacylglycerol synthase Tgs4,NonEssential,H37Rv,1.02,-0.608,3.527,False,,P9WKC3
Rv3734c,tgs2,triacylglycerol synthase Tgs2,NonEssential,H37Rv,0.582,-2.027,4.199,False,,P9WKC7
Rv3130c,tgs1,triacylglycerol synthase (diacylglycerol acyltransferase) Tgs1,NonEssential,H37Rv,0.875,-1.349,4.104,False,,P9WKC9
Rv2605c,tesB2,acyl-CoA thioesterase II TesB2,NonEssential,H37Rv,1.316,-1.425,5.119,False,,I6X4S7
Rv1618,tesB1,acyl-CoA thioesterase II TesB1,NonEssential,H37Rv,1.034,-1.636,4.829,False,,O06135
Rv2928,tesA,thioesterase TesA,NonEssential,H37Rv,1.409,-0.324,4.307,False,,P9WQD5
Rv3764c,tcrY,OmpR family two-component system sensor histidine kinase,NonEssential,H37Rv,-11.365,-17.914,-3.652,False,,O69729
Rv3765c,tcrX,two-component system transcriptional regulator TcrX,NonEssential,H37Rv,0.081,-3.031,3.656,False,,O69730
Rv0602c,tcrA,two-component system transcriptional regulator TcrA,NonEssential,H37Rv,0.62,-1.377,3.276,False,,O07776
Rv3208A,TB9.4,hypothetical protein,NonEssential,H37Rv,0.963,-0.736,3.751,False,,Q6MWZ8
Rv1174c,TB8.4,t-cell antigen,NonEssential,H37Rv,0.681,-0.432,2.395,False,,O50430
Rv2623,TB31.7,universal stress protein,NonEssential,H37Rv,0.885,-0.993,3.369,False,,P9WFD7
Rv0577,TB27.3,antigen Cfp30B,NonEssential,H37Rv,0.571,-1.719,3.633,False,,P9WIR3
Rv3036c,TB22.2,secreted protein,NonEssential,H37Rv,0.25,-3.472,4.629,False,,I6YF08
Rv2140c,TB18.6,hypothetical protein,NonEssential,H37Rv,-0.012,-1.92,2.439,False,,P9WFN1
Rv2185c,TB16.3,hypothetical protein,NonEssential,H37Rv,-0.263,-1.545,1.801,False,,O53519
Rv0294,tam,trans-aconitate methyltransferase Tam,NonEssential,H37Rv,-0.057,-4.176,5.363,False,,P9WGA3
Rv1448c,tal,transaldolase Tal,NonEssential,H37Rv,0.428,-0.673,2.471,False,,P9WG33
Rv1210,tagA,DNA-3-methyladenine glycosylase I TagA,NonEssential,H37Rv,0.695,-0.971,3.282,False,,O05311
Rv2701c,suhB,inositol-1-monophosphatase SuhB,NonEssential,H37Rv,0.826,-2.688,5.186,False,,P9WKI9
Rv3331,sugI,sugar-transport ABC transporter integral membrane protein SugI,NonEssential,H37Rv,-0.31,-1.813,2.319,False,,L0TDU1
Rv1238,sugC,sugar-transport ABC transporter ATP-binding protein,NonEssential,H37Rv,1.08,-1.163,4.638,False,,P9WQI3
Rv1237,sugB,sugar-transport ABC transporter integral membrane protein SugB,NonEssential,H37Rv,1.61,-0.199,4.708,False,,P9WG01
Rv1236,sugA,sugar-transport ABC transporter integral membrane protein SugA,NonEssential,H37Rv,0.913,-2.111,5.036,False,,P9WG03
Rv2333c,stp,integral membrane drug efflux protein Stp,NonEssential,H37Rv,1.155,-0.428,3.587,False,,P9WG91
Rv2291,sseB,thiosulfate sulfurtransferase SseB,NonEssential,H37Rv,0.836,-1.016,3.655,False,,P9WHF5
Rv3283,sseA,thiosulfate sulfurtransferase SseA,NonEssential,H37Rv,0.861,-0.626,3.087,False,,P9WHF7
Rv0724,sppA,signal peptide peptidase SppA,NonEssential,H37Rv,0.799,-0.832,3.458,False,,P95072
Rv3366,spoU,tRNA/rRNA methylase SpoU,NonEssential,H37Rv,0.047,-1.935,2.463,False,,O50394
Rv2601,speE,spermidine synthase SpeE,NonEssential,H37Rv,1.006,-1.883,5.307,False,,P9WGE5
Rv0432,sodC,periplasmic superoxide dismutase [Cu-Zn] SodC,NonEssential,H37Rv,0.402,-4.293,5.709,False,,P9WGE9
Rv2606c,snzP,pyridoxine biosynthesis protein SnzP,NonEssential,H37Rv,0.93,-0.812,3.489,False,,P9WII9
Rv2604c,snoP,glutamine amidotransferase SnoP,NonEssential,H37Rv,0.74,-1.558,3.603,False,,P9WII7
Rv2358,smtB,transcriptional regulator SmtB,NonEssential,H37Rv,-3.238,-5.268,-0.963,False,,P9WMI5
Rv2922c,smc,chromosome partition protein Smc,NonEssential,H37Rv,-0.781,-3.967,3.353,False,,P9WGF3
Rv2788,sirR,DtxR family Mn-dependent transcriptional regulator,NonEssential,H37Rv,1.16,-0.301,3.471,False,,I6Y1Q2
Rv2391,sirA,ferredoxin-dependent sulfite reductase SirA,NonEssential,H37Rv,0.514,-1.331,3.365,False,,P9WJ03
Rv3911,sigM,sigma-70 family RNA polymerase sigma factor SigM,NonEssential,H37Rv,1.019,-0.216,2.813,False,,O53590
Rv0735,sigL,alternative RNA polymerase sigma factor SigL,NonEssential,H37Rv,0.389,-0.671,1.94,False,,P9WGH5
Rv0445c,sigK,RNA polymerase sigma factor SigK,NonEssential,H37Rv,0.702,-0.199,2.034,False,,P9WGH7
Rv3328c,sigJ,alternative RNA polymerase sigma factor SigJ,NonEssential,H37Rv,0.127,-1.438,2.329,False,,L0TCG5
Rv1189,sigI,sigma-70 family RNA polymerase sigma factor SigI,NonEssential,H37Rv,1.005,-1.671,4.253,False,,P9WGH3
Rv3223c,sigH,RNA polymerase sigma factor SigH,NonEssential,H37Rv,0.458,-1.227,3.285,False,,P9WGH9
Rv0182c,sigG,alternative RNA polymerase sigma factor SigG,NonEssential,H37Rv,1.011,-0.598,3.707,False,,P9WGG5
Rv1221,sigE,RNA polymerase sigma factor SigE,NonEssential,H37Rv,-0.89,-3.085,2.093,False,,P9WGG7
Rv3414c,sigD,alternative RNA polymerase sigma factor SigD,NonEssential,H37Rv,0.331,-4.086,6.198,False,,P9WGG9
Rv2069,sigC,RNA polymerase sigma factor SigC,NonEssential,H37Rv,0.818,-0.334,2.621,False,,P9WGH1
Rv2710,sigB,RNA polymerase sigma factor SigB,NonEssential,H37Rv,-0.989,-6.405,5.635,False,,P9WGI5
Rv0505c,serB1,phosphoserine phosphatase SerB1,NonEssential,H37Rv,-3.017,-7.267,2.281,False,,P9WGJ3
Rv0728c,serA2,d-3-phosphoglycerate dehydrogenase SerA2,NonEssential,H37Rv,0.523,-2.663,4.733,False,,I6WZ71
Rv0490,senX3,two-component system sensor histidine kinase SenX3,NonEssential,H37Rv,0.984,-1.261,4.457,False,,P9WGK5
Rv1440,secG,preprotein translocase subunit SecG,NonEssential,H37Rv,-8.954,-14.147,-2.877,False,,P9WGN5
Rv0379,secE2,preprotein translocase subunit SecE2,NonEssential,H37Rv,0.167,-7.899,9.919,False,,Q6MX43
Rv1821,secA2,preprotein translocase ATPase subunit SecA2,NonEssential,H37Rv,-0.971,-3.336,1.972,False,,P9WGP3
Rv3317,sdhD,succinate dehydrogenase [hydrophobic membrane anchor subunit] SdhD,NonEssential,H37Rv,0.538,-0.795,2.626,False,,O53369
Rv3316,sdhC,succinate dehydrogenase [cytochrome B-556 subunit] SdhC,NonEssential,H37Rv,0.688,-1.664,4.201,False,,O53368
Rv3319,sdhB,succinate dehydrogenase [iron-sulfur protein subunit] SdhB,NonEssential,H37Rv,1.147,-0.722,4.029,False,,O53371
Rv3318,sdhA,succinate dehydrogenase [flavoprotein subunit] SdhA,NonEssential,H37Rv,1.32,-0.339,4.2,False,,O53370
Rv0069c,sdaA,l-serine dehydratase SdaA,NonEssential,H37Rv,1.717,-0.358,5.24,False,,P9WGT5
Rv1710,scpB,segregation and condensation protein ScpB,NonEssential,H37Rv,-7.061,-10.05,-3.167,False,,I6XCB2
Rv1709,scpA,segregation and condensation protein ScpA,NonEssential,H37Rv,-1.111,-6.78,5.63,False,,O33208
Rv2503c,scoB,succinyl-CoA:3-ketoacid-CoA transferase beta subunit ScoB,NonEssential,H37Rv,1.182,-1.116,4.495,False,,P9WPW3
Rv2504c,scoA,succinyl-CoA:3-ketoacid-CoA transferase alpha subunit ScoA,NonEssential,H37Rv,0.128,-3.252,4.393,False,,P9WPW5
Rv3310,sapM,acid phosphatase SapM,NonEssential,H37Rv,1.262,-0.096,3.727,False,,O53361
Rv3250c,rubB,rubredoxin RubB,NonEssential,H37Rv,0.681,-0.399,2.367,False,,I6YFL7
Rv3251c,rubA,rubredoxin RubA,NonEssential,H37Rv,0.22,-0.548,1.377,False,,O05894
Rv0736,rslA,anti-sigma factor RslA,NonEssential,H37Rv,-1.448,-4.363,2.511,False,,P9WJ67
Rv0444c,rskA,anti-sigma factor RskA,NonEssential,H37Rv,-0.046,-1.207,1.786,False,,P9WGX5
Rv3687c,rsfB,anti-anti-sigma factor RsfB,NonEssential,H37Rv,-2.222,-5.089,1.117,False,,P9WGE1
Rv1365c,rsfA,anti-anti-sigma factor RsfA,NonEssential,H37Rv,0.134,-0.663,1.076,False,,P9WGE3
Rv3853,rraA,RNase E activity regulator RraA,NonEssential,H37Rv,0.2,-0.847,1.561,False,,P9WGY3
Rv2785c,rpsO,30S ribosomal protein S15 RpsO,NonEssential,H37Rv,-13.111,-18.772,-5.939,False,,P9WH55
Rv1298,rpmE,50S ribosomal protein L31 RpmE,NonEssential,H37Rv,-10.49,-15.632,-4.006,False,,P9WHA1
Rv0105c,rpmB1,50S ribosomal protein L28 RpmB1,NonEssential,H37Rv,0.432,-7.965,9.315,False,,P9WHB1
Rv2904c,rplS,50S ribosomal protein L19 RplS,NonEssential,H37Rv,-11.451,-16.177,-6.568,False,,P9WHC9
Rv0640,rplK,50S ribosomal protein L11 RplK,NonEssential,H37Rv,-17.953,-26.338,-9.284,False,,P9WHE5
Rv0056,rplI,50S ribosomal protein L9 RplI,NonEssential,H37Rv,-1.077,-5.039,3.318,False,,P9WH79
Rv1340,rphA,ribonuclease RphA,NonEssential,H37Rv,-3.083,-6.038,0.17,False,,P9WGZ7
Rv2450c,rpfE,resuscitation-promoting factor RpfE,NonEssential,H37Rv,-0.12,-1.15,1.142,False,,O53177
Rv1009,rpfB,resuscitation-promoting factor RpfB,NonEssential,H37Rv,-0.456,-1.887,1.61,False,,P9WG29
Rv0867c,rpfA,resuscitation-promoting factor RpfA,NonEssential,H37Rv,-0.782,-2.371,0.892,False,,P9WG31
Rv0017c,rodA,cell division protein RodA,NonEssential,H37Rv,-0.377,-3.251,3.813,False,,P9WN99
Rv2320c,rocE,cationic amino acid transport integral membrane protein RocE,NonEssential,H37Rv,1.257,-1.244,4.542,False,,P71892
Rv2321c,rocD2,ornithine aminotransferase RocD2,NonEssential,H37Rv,-0.061,-1.482,1.535,False,,P71891
Rv2322c,rocD1,ornithine aminotransferase RocD1,NonEssential,H37Rv,0.16,-4.151,5.239,False,,P71890
Rv1187,rocA,pyrroline-5-carboxylate dehydrogenase RocA,NonEssential,H37Rv,0.799,-0.655,3.486,False,,O50443
Rv3923c,rnpA,ribonuclease P protein component RnpA,NonEssential,H37Rv,-9.104,-14.386,-3.26,False,,P9WGZ3
Rv2902c,rnhB,ribonuclease HII protein RnhB,NonEssential,H37Rv,0.477,-0.609,2.019,False,,P9WH01
Rv2869c,rip,metalloprotease RseP,NonEssential,H37Rv,-1.591,-5.457,3.318,False,,P9WHS3
Rv0995,rimJ,ribosomal-protein-alanine acetyltransferase RimJ,NonEssential,H37Rv,0.753,-1.274,3.714,False,,O05578
Rv3420c,rimI,ribosomal-protein-alanine acetyltransferase RimI,NonEssential,H37Rv,-0.533,-3.75,3.218,False,,I6YG32
Rv2671,ribD,bifunctional enzyme riboflavin biosynthesis protein RibD,NonEssential,H37Rv,0.811,-0.699,2.935,False,,P71968
Rv1412,ribC,riboflavin synthase alpha chain RibC,NonEssential,H37Rv,-5.178,-14.592,4.429,False,,P9WK35
Rv1940,ribA1,riboflavin biosynthesis protein RibA1,NonEssential,H37Rv,1.021,-0.171,2.687,False,,L7N669
Rv3358,relK,toxin RelK,NonEssential,H37Rv,0.946,-0.373,2.888,False,,P9WF09
Rv3357,relJ,antitoxin RelJ,NonEssential,H37Rv,0.548,-0.357,1.672,False,,P9WF25
Rv2866,relG,toxin RelG,NonEssential,H37Rv,-3.653,-13.218,6.357,False,,O33348
Rv2865,relF,antitoxin RelF,NonEssential,H37Rv,1.504,-0.741,5.043,False,,O33347
Rv1246c,relE,toxin RelE,NonEssential,H37Rv,0.555,-0.899,2.457,False,,O50461
Rv1247c,relB,antitoxin RelB,NonEssential,H37Rv,-2.959,-14.256,7.238,False,,O50462
Rv2583c,relA,GTP pyrophosphokinase RelA,NonEssential,H37Rv,0.627,-1.954,4.353,False,,P9WHG9
Rv0491,regX3,two-component system sensory transduction protein RegX3,NonEssential,H37Rv,0.731,-1.108,3.137,False,,P9WGL9
Rv2736c,recX,regulatory protein RecX,NonEssential,H37Rv,-0.806,-2.996,1.511,False,,P9WHI1
Rv3715c,recR,recombination protein RecR,NonEssential,H37Rv,-1.196,-2.691,1.141,False,,P9WHI3
Rv1696,recN,DNA repair protein RecN,NonEssential,H37Rv,0.156,-2.056,2.829,False,,P9WHI7
Rv2973c,recG,ATP-dependent DNA helicase RecG,NonEssential,H37Rv,-0.515,-2.856,2.987,False,,P9WMQ7
Rv0003,recF,DNA replication and repair protein RecF,NonEssential,H37Rv,-4.675,-12.156,3.412,False,,P9WHI9
Rv0629c,recD,exonuclease V alpha chain RecD,NonEssential,H37Rv,1.221,-0.254,3.844,False,,P9WHJ1
Rv0631c,recC,exonuclease V gamma chain RecC,NonEssential,H37Rv,0.87,-0.786,3.525,False,,P9WIQ5
Rv0630c,recB,exonuclease V beta chain RecB,NonEssential,H37Rv,1.14,-0.461,3.694,False,,P9WMQ3
Rv2737c,recA,protein RecA,NonEssential,H37Rv,-0.025,-2.421,3.648,False,,P9WHJ3
Rv2436,rbsK,ribokinase RbsK,NonEssential,H37Rv,0.975,-0.516,3.441,False,,P71913
Rv2838c,rbfA,ribosome-binding factor a RbfA,NonEssential,H37Rv,-4.17,-5.47,-2.293,False,,P9WHJ7
Rv3585,radA,DNA repair protein RadA,NonEssential,H37Rv,1.122,-0.17,3.523,False,,P9WHJ9
Rv1379,pyrR,pyrimidine operon regulatory protein PyrR,NonEssential,H37Rv,-10.887,-16.008,-4.895,False,,P9WHK3
Rv2964,purU,formyltetrahydrofolate deformylase PurU,NonEssential,H37Rv,1.143,-0.728,4.147,False,,P9WHM3
Rv0389,purT,phosphoribosylglycinamide formyltransferase 2 PurT,NonEssential,H37Rv,0.96,-0.635,3.531,False,,P95197
Rv0782,ptrBb,protease II PtrB,NonEssential,H37Rv,1.207,-0.986,4.452,False,,P71834
Rv0781,ptrBa,protease II PtrB,NonEssential,H37Rv,0.954,-0.599,3.514,False,,P71835
Rv2234,ptpA,phosphotyrosine protein phosphatase PtpA,NonEssential,H37Rv,-3.496,-5.259,-0.939,False,,P9WIA1
Rv2232,ptkA,protein tyrosine kinase transcriptional regulator PtkA,NonEssential,H37Rv,0.222,-1.467,2.505,False,,P9WPI9
Rv0153c,ptbB,phosphotyrosine protein phosphatase PtpB,NonEssential,H37Rv,-0.691,-2.735,2.269,False,,I6WXK4
Rv0408,pta,phosphate acetyltransferase Pta,NonEssential,H37Rv,1.496,-0.408,3.518,False,,P9WHP1
Rv0928,pstS3,periplasmic phosphate-binding lipoprotein PstS3,NonEssential,H37Rv,-0.005,-2.95,4.158,False,,P9WGT7
Rv0932c,pstS2,periplasmic phosphate-binding lipoprotein PstS2,NonEssential,H37Rv,1.182,-0.84,4.482,False,,P9WGT9
Rv0934,pstS1,periplasmic phosphate-binding lipoprotein PstS1,NonEssential,H37Rv,0.129,-3.703,4.941,False,,P9WGU1
Rv0929,pstC2,phosphate-transport ABC transporter integral membrane protein PstC2,NonEssential,H37Rv,0.788,-1.989,4.603,False,,P9WG05
Rv0935,pstC1,phosphate-transport ABC transporter integral membrane protein PstC1,NonEssential,H37Rv,0.791,-2.954,5.405,False,,P9WG07
Rv0933,pstB,phosphate-transport ABC transporter ATP-binding protein PstB,NonEssential,H37Rv,1.275,-0.308,3.799,False,,P9WQK9
Rv0936,pstA2,phosphate-transport ABC transporter integral membrane protein PstA2,NonEssential,H37Rv,-0.025,-3.727,4.683,False,,P9WG09
Rv0930,pstA1,phosphate-transport ABC transporter integral membrane protein PstA1,NonEssential,H37Rv,0.923,-4.008,7.284,False,,P9WG11
Rv0436c,pssA,CDP-diacylglycerol-serine O-phosphatidyltransferase PssA,NonEssential,H37Rv,-1.857,-4.626,2.075,False,,P9WPG1
Rv0437c,psd,phosphatidylserine decarboxylase Psd,NonEssential,H37Rv,-1.179,-3.184,1.942,False,,P9WHQ5
Rv1130,prpD,2-methylcitrate dehydratase PrpD,NonEssential,H37Rv,1.032,-0.305,2.464,False,,O06582
Rv1131,prpC,methylcitrate synthase PrpC,NonEssential,H37Rv,0.501,-1.761,3.937,False,,I6Y9Q3
Rv3756c,proZ,osmoprotectant-transport ABC transporter integral membrane protein ProZ,NonEssential,H37Rv,0.838,-2.022,4.282,False,,O69722
Rv3759c,proX,osmoprotectant binding lipoprotein ProX,NonEssential,H37Rv,1.234,-0.306,3.784,False,,O69725
Rv3757c,proW,osmoprotectant-transport ABC transporter integral membrane protein ProW,NonEssential,H37Rv,0.65,-0.662,2.655,False,,O69723
Rv3758c,proV,osmoprotectant transport ABC transporter ATP-binding protein ProV,NonEssential,H37Rv,1.144,-1.113,4.4,False,,O69724
Rv2427c,proA,gamma-glutamyl phosphate reductase ProA,NonEssential,H37Rv,-0.164,-3.191,3.537,False,,P9WHV1
Rv1078,pra,proline rich antigen Pra,NonEssential,H37Rv,1.081,-1.221,4.311,False,,P9WIM7
Rv0693,pqqE,coenzyme PQQ synthesis protein E PqqE,NonEssential,H37Rv,-0.607,-4.739,4.62,False,,P9WJ79
Rv2935,ppsE,phenolpthiocerol synthesis type-I polyketide synthase PpsE,NonEssential,H37Rv,1.607,0.019,4.227,False,,P9WQE1
Rv2934,ppsD,phenolpthiocerol synthesis type-I polyketide synthase PpsD,NonEssential,H37Rv,1.025,-0.383,3.41,False,,P9WQE3
Rv2933,ppsC,phenolpthiocerol synthesis type-I polyketide synthase PpsC,NonEssential,H37Rv,0.954,-0.245,3.095,False,,P96202
Rv2932,ppsB,phenolpthiocerol synthesis type-I polyketide synthase PpsB,NonEssential,H37Rv,1.088,-0.374,3.539,False,,P9WQE5
Rv2931,ppsA,phenolpthiocerol synthesis type-I polyketide synthase PpsA,NonEssential,H37Rv,1.356,-0.364,4.221,False,,P9WQE7
Rv0009,ppiA,iron-regulated peptidyl-prolyl cis-trans isomerase A PpiA,NonEssential,H37Rv,0.182,-1.283,2.275,False,,P9WHW3
Rv2702,ppgK,polyphosphate glucokinase PpgK,NonEssential,H37Rv,-1.281,-2.094,0.004,False,,P9WIN1
Rv3892c,PPE69,PPE family protein PPE69,NonEssential,H37Rv,-0.25,-3.21,3.417,False,,P9WHW7
Rv3873,PPE68,PPE family protein PPE68,NonEssential,H37Rv,0.934,-0.237,2.922,False,,P9WHW9
Rv3621c,PPE65,PPE family protein PPE65,NonEssential,H37Rv,0.945,-2.306,4.954,False,,P9WHX3
Rv3558,PPE64,PPE family protein PPE64,NonEssential,H37Rv,1.32,-0.224,3.808,False,,Q6MWW0
Rv3539,PPE63,PPE family protein PPE63,NonEssential,H37Rv,1.108,-0.396,3.649,False,,P9WHX5
Rv3533c,PPE62,PPE family protein PPE62,NonEssential,H37Rv,0.445,-3.693,5.765,False,,P9WHX7
Rv3532,PPE61,PPE family protein PPE61,NonEssential,H37Rv,1.157,-0.113,3.346,False,,P9WHX9
Rv3478,PPE60,PE family protein PPE60,NonEssential,H37Rv,-0.333,-1.684,1.796,False,,Q6MWX1
Rv0305c,PPE6,PPE family protein PPE6,NonEssential,H37Rv,1.964,-0.04,5.702,False,,Q6MX48
Rv3429,PPE59,PPE family protein PPE59,NonEssential,H37Rv,0.415,-0.376,1.717,False,,P9WHY1
Rv3426,PPE58,PPE family protein PPE58,NonEssential,H37Rv,0.388,-0.736,1.888,False,,Q50702
Rv3425,PPE57,PPE family protein PPE57,NonEssential,H37Rv,Not Present.,Not Present.,Not Present.,Not Present.,Not Present.,Q50703
Rv3350c,PPE56,PPE family protein PPE56,NonEssential,H37Rv,1.018,-1.336,4.751,False,,Q6MWX8
Rv3343c,PPE54,PPE family protein PPE54,NonEssential,H37Rv,0.995,-0.772,4.01,False,,Q6MWY2
Rv3159c,PPE53,PPE family protein PPE53,NonEssential,H37Rv,0.607,-1.35,3.498,False,,Q6MX04
Rv3144c,PPE52,PPE family protein PPE52,NonEssential,H37Rv,1.055,-2.009,4.924,False,,I6X6H8
Rv3136,PPE51,PPE family protein PPE51,NonEssential,H37Rv,0.845,-1.34,4.645,False,,P9WHY3
Rv3135,PPE50,PPE family protein PPE50,NonEssential,H37Rv,0.554,-1.23,3.062,False,,Q6MX07
Rv0304c,PPE5,PPE family protein PPE5,NonEssential,H37Rv,1.063,-0.633,3.89,False,,Q6MX49
Rv3125c,PPE49,PPE family protein PPE49,NonEssential,H37Rv,-0.319,-6.058,5.934,False,,P9WHY5
Rv3018c,PPE46,PPE family protein PPE46,NonEssential,H37Rv,0.807,-0.908,3.328,False,,P9WHY9
Rv2892c,PPE45,PPE family protein PPE45,NonEssential,H37Rv,0.538,-1.52,3.445,False,,P9WHZ1
Rv2770c,PPE44,PPE family protein PPE44,NonEssential,H37Rv,1.056,-0.77,4.008,False,,P9WHZ3
Rv2768c,PPE43,PPE family protein PPE43,NonEssential,H37Rv,0.896,-0.857,3.606,False,,Q79FA9
Rv2608,PPE42,PPE family protein PPE42,NonEssential,H37Rv,0.888,-0.71,3.608,False,,P9WHZ5
Rv2430c,PPE41,PPE family protein PPE41,NonEssential,H37Rv,0.369,-0.462,1.627,False,,Q79FE1
Rv2356c,PPE40,PPE family protein PPE40,NonEssential,H37Rv,0.96,-1.591,4.847,False,,P9WHZ7
Rv2353c,PPE39,PPE family protein PPE39,NonEssential,H37Rv,0.426,-3.038,5.217,False,,Q79FF3
Rv2123,PPE37,PPE family protein PPE37,NonEssential,H37Rv,1.636,-0.302,4.722,False,,Q79FH3
Rv2108,PPE36,PPE family protein PPE36,NonEssential,H37Rv,1.079,-0.993,4.138,False,,P9WI01
Rv1918c,PPE35,PPE family protein PPE35,NonEssential,H37Rv,1.092,-0.37,3.591,False,,Q79FI8
Rv1917c,PPE34,PPE family protein PPE34,NonEssential,H37Rv,1.996,0.213,4.693,False,,Q79FI9
Rv1809,PPE33,PPE family protein PPE33,NonEssential,H37Rv,0.676,-0.353,2.379,False,,P9WI03
Rv1807,PPE31,PPE family protein PPE31,NonEssential,H37Rv,1.553,-0.288,4.75,False,,L0T7Y7
Rv1802,PPE30,PPE family protein PPE30,NonEssential,H37Rv,0.917,-0.973,4.02,False,,P9WI07
Rv0280,PPE3,PPE family protein PPE3,NonEssential,H37Rv,0.986,-1.13,3.896,False,,P9WI45
Rv1801,PPE29,PPE family protein PPE29,NonEssential,H37Rv,0.876,-1.308,4.428,False,,P9WI09
Rv1800,PPE28,PPE family protein PPE28,NonEssential,H37Rv,1.355,-0.121,3.768,False,,P9WI11
Rv1753c,PPE24,PPE family protein PPE24,NonEssential,H37Rv,1.601,-0.112,4.404,False,,P9WI15
Rv1706c,PPE23,PPE family protein PPE23,NonEssential,H37Rv,1.085,-0.295,3.402,False,,P9WI17
Rv1705c,PPE22,PPE family protein PPE22,NonEssential,H37Rv,0.876,-0.672,3.211,False,,P9WI19
Rv1548c,PPE21,PPE family protein PPE21,NonEssential,H37Rv,1.127,-0.314,3.5,False,,P9WI21
Rv1387,PPE20,PPE family protein PPE20,NonEssential,H37Rv,1.39,-0.061,3.803,False,,P9WI23
Rv0256c,PPE2,PPE family protein PPE2,NonEssential,H37Rv,1.174,-0.52,4.104,False,,P9WI47
Rv1361c,PPE19,PPE family protein PPE19,NonEssential,H37Rv,-0.562,-2.521,1.854,False,,P9WI25
Rv1168c,PPE17,PPE family protein PPE17,NonEssential,H37Rv,-1.728,-10.862,8.518,False,,P9WI27
Rv1135c,PPE16,PPE family protein PPE16,NonEssential,H37Rv,1.876,-0.214,5.447,False,,P9WI29
Rv1039c,PPE15,PPE family protein PPE15,NonEssential,H37Rv,1.062,-0.053,2.962,False,,P9WI31
Rv0915c,PPE14,PPE family protein PPE14,NonEssential,H37Rv,1.079,-1.007,4.252,False,,P9WI33
Rv0755c,PPE12,PPE family protein PPE12,NonEssential,H37Rv,1.502,-0.407,4.917,False,,P9WI37
Rv0453,PPE11,PPE family protein PPE11,NonEssential,H37Rv,0.418,-3.279,5.275,False,,P9WI39
Rv0442c,PPE10,PPE family protein PPE10,NonEssential,H37Rv,1.138,-1.785,4.889,False,,P9WI41
Rv0096,PPE1,PPE family protein PPE1,NonEssential,H37Rv,0.562,-1.67,3.872,False,,P9WI49
Rv1127c,ppdK,"pyruvate, phosphate dikinase PpdK",NonEssential,H37Rv,0.526,-0.956,3.083,False,,O06579
Rv0050,ponA1,bifunctional penicillin-binding protein 1A/1B PonA1,NonEssential,H37Rv,-1.052,-4.293,3.072,False,,P71707
Rv0157,pntB,NAD(P) transhydrogenase subunit beta PntB,NonEssential,H37Rv,0.642,-1.883,4.448,False,,P96834
Rv0155,pntAa,NAD(P) transhydrogenase subunit alpha PntAa,NonEssential,H37Rv,-0.328,-4.736,4.575,False,,P96832
Rv0535,pnp,5'-methylthioadenosine phosphorylase Pnp,NonEssential,H37Rv,-1.424,-6.122,3.904,False,,O06401
Rv0573c,pncB2,nicotinate phosphoribosyltransferase PncB2,NonEssential,H37Rv,1.117,-0.511,3.795,False,,P9WJI7
Rv1330c,pncB1,nicotinate phosphoribosyltransferase PncB1,NonEssential,H37Rv,1.057,-0.957,4.575,False,,P9WJI9
Rv2043c,pncA,pyrazinamidase/nicotinamidase PncA,NonEssential,H37Rv,1.113,-0.942,4.621,False,,I6XD65
Rv3308,pmmB,phosphomannomutase PmmB,NonEssential,H37Rv,1.318,-0.309,3.909,False,,O53360
Rv2483c,plsC,"HAD hydrolase, family IB",NonEssential,H37Rv,0.722,-2.394,5.158,False,,I6YDI9
Rv2482c,plsB2,glycerol-3-phosphate acyltransferase PlsB2,NonEssential,H37Rv,1.361,-0.319,3.972,False,,P9WI61
Rv1551,plsB1,glycerol-3-phosphate O-acyltransferase PlsB1,NonEssential,H37Rv,1.363,-0.789,4.799,False,,P9WI59
Rv1755c,plcD,phospholipase C4 PlcD,NonEssential,H37Rv,1.259,-0.081,3.713,False,,P9WIA9
Rv1664,pks9,polyketide synthase Pks9,NonEssential,H37Rv,0.857,-1.235,3.935,False,,O06586
Rv1662,pks8,polyketide synthase Pks8,NonEssential,H37Rv,0.468,-1.365,2.166,False,,O65933
Rv1661,pks7,polyketide synthase Pks7,NonEssential,H37Rv,0.572,-2.575,4.79,False,,P94996
Rv1527c,pks5,polyketide synthase Pks5,NonEssential,H37Rv,1.457,-0.013,4.151,False,,O53901
Rv1181,pks4,polyketide beta-ketoacyl synthase Pks4,NonEssential,H37Rv,1.768,-0.215,4.259,False,,A0A089QRB9
Rv3825c,pks2,polyketide synthase Pks2,NonEssential,H37Rv,1.454,0.044,3.696,False,,P9WQE9
Rv1663,pks17,polyketide synthase Pks17,NonEssential,H37Rv,1.017,-0.716,4.014,False,,O06585
Rv1013,pks16,polyketide synthase Pks16,NonEssential,H37Rv,1.287,-0.96,4.453,False,,O05598
Rv2947c,pks15,polyketide synthase Pks15,NonEssential,H37Rv,1.134,-0.86,4.053,False,,P96284
Rv2048c,pks12,polyketide synthase Pks12,NonEssential,H37Rv,0.065,-1.33,2.516,False,,I6XD69
Rv1665,pks11,chalcone synthase Pks11,NonEssential,H37Rv,0.811,-3.345,6.067,False,,P9WPF3
Rv1660,pks10,chalcone synthase Pks10,NonEssential,H37Rv,1.046,-0.872,3.83,False,,P9WPF5
Rv2946c,pks1,polyketide synthase Pks1,NonEssential,H37Rv,0.291,-1.9,3.551,False,,P96285
Rv2176,pknL,transmembrane serine/threonine-protein kinase L PknL,NonEssential,H37Rv,0.884,-0.961,3.602,False,,P9WI63
Rv3080c,pknK,serine/threonine-protein kinase transcriptional regulator PknK,NonEssential,H37Rv,1.053,-0.499,3.527,False,,P9WI65
Rv2088,pknJ,transmembrane serine/threonine-protein kinase J PknJ,NonEssential,H37Rv,0.948,-0.41,3.329,False,,P9WI67
Rv2914c,pknI,transmembrane serine/threonine-protein kinase I PknI,NonEssential,H37Rv,1.214,-0.629,4.134,False,,P9WI69
Rv1266c,pknH,transmembrane serine/threonine-protein kinase H PknH,NonEssential,H37Rv,0.745,-0.742,3.086,False,,P9WI71
Rv0410c,pknG,serine/threonine-protein kinase PknG,NonEssential,H37Rv,-1.734,-3.965,1.525,False,,P9WI73
Rv1746,pknF,serine/threonine-protein kinase PknF,NonEssential,H37Rv,1.034,-0.454,3.285,False,,P9WI75
Rv1743,pknE,transmembrane serine/threonine-protein kinase E PknE,NonEssential,H37Rv,0.838,-1.35,4.09,False,,P9WI77
Rv2281,pitB,phosphate-transport permease PitB,NonEssential,H37Rv,1.281,-0.243,3.901,False,,P9WIA5
Rv0545c,pitA,inorganic phosphate transporter integral membrane protein PitA,NonEssential,H37Rv,0.337,-1.704,3.915,False,,P9WIA7
Rv3810,pirG,exported repetitive protein PirG,NonEssential,H37Rv,0.111,-0.989,1.735,False,,P9WIQ7
Rv0840c,pip,proline iminopeptidase Pip,NonEssential,H37Rv,1.359,-0.616,4.402,False,,I6Y8X0
Rv1159,pimE,mannosyltransferase PimE,NonEssential,H37Rv,-1.545,-2.84,-0.316,False,,P9WN01
Rv3397c,phyA,phytoene synthase PhyA,NonEssential,H37Rv,1.024,-1.894,5.367,False,,P9WHP3
Rv3301c,phoY1,phosphate-transport system transcriptional regulator PhoY1,NonEssential,H37Rv,0.431,-2.835,5.355,False,,P9WI97
Rv0758,phoR,OmpR family two-component system sensor histidine kinase,NonEssential,H37Rv,-0.092,-2.759,3.608,False,,P71815
Rv0757,phoP,OmpR family two-component system response regulator,NonEssential,H37Rv,-2.817,-4.917,0.557,False,,P71814
Rv1095,phoH2,PHOH-like protein PhoH2,NonEssential,H37Rv,0.788,-0.634,3.235,False,,O53443
Rv2368c,phoH1,PhoH family protein PhoH1,NonEssential,H37Rv,1.259,-0.724,4.071,False,,P9WIA3
Rv3068c,pgmA,phosphoglucomutase PgmA,NonEssential,H37Rv,0.645,-1.952,4.397,False,,I6Y2G3
Rv3138,pflA,pyruvate formate lyase activating protein PflA,NonEssential,H37Rv,1.8,-0.384,5.46,False,,P95188
Rv2029c,pfkB,6-phosphofructokinase PfkB,NonEssential,H37Rv,1.463,-0.154,4.02,False,,P9WID3
Rv3010c,pfkA,6-phosphofructokinase PfkA,NonEssential,H37Rv,-0.578,-4.775,4.648,False,,P9WID7
Rv2782c,pepR,zinc protease PepR,NonEssential,H37Rv,0.374,-2.133,4.04,False,,P9WHT5
Rv2535c,pepQ,cytoplasmic peptidase PepQ,NonEssential,H37Rv,-2.478,-8.01,3.503,False,,I6YDN6
Rv2467,pepN,aminopeptidase PepN,NonEssential,H37Rv,1.391,-0.602,4.919,False,,L7N655
Rv2089c,pepE,dipeptidase PepE,NonEssential,H37Rv,1.201,-1.118,4.836,False,,P9WHS7
Rv0983,pepD,serine protease PepD,NonEssential,H37Rv,-0.448,-3.623,3.594,False,,O53896
Rv0800,pepC,aminopeptidase PepC,NonEssential,H37Rv,0.628,-1.166,3.404,False,,P9WHT1
Rv2213,pepB,aminopeptidase PepB,NonEssential,H37Rv,1.281,-0.155,3.917,False,,P9WHT3
Rv0125,pepA,serine protease PepA,NonEssential,H37Rv,1.594,-0.553,4.936,False,,O07175
Rv0746,PE_PGRS9,PE-PGRS family protein PE_PGRS9,NonEssential,H37Rv,0.794,-1.183,2.978,False,,Q79FW8
Rv0742,PE_PGRS8,PE-PGRS family protein PE_PGRS8,NonEssential,H37Rv,-0.007,-1.742,1.913,False,,I6Y8K5
Rv0578c,PE_PGRS7,PE-PGRS family protein PE_PGRS7,NonEssential,H37Rv,1.082,-0.915,3.984,False,,Q6MX28
Rv3812,PE_PGRS62,PE-PGRS family protein PE_PGRS62,NonEssential,H37Rv,1.372,-0.4,4.476,False,,L7N680
Rv3653,PE_PGRS61,PE-PGRS family protein PE_PGRS61,NonEssential,H37Rv,0.102,-1.977,2.476,False,,Q6MWV0
Rv3652,PE_PGRS60,PE-PGRS family protein PE_PGRS60,NonEssential,H37Rv,0.504,-1.485,3.304,False,,Q6MWV1
Rv0532,PE_PGRS6,PE-PGRS family protein PE_PGRS6,NonEssential,H37Rv,0.474,-3.033,5.037,False,,L0T3X8
Rv3595c,PE_PGRS59,PE-PGRS family protein PE_PGRS59,NonEssential,H37Rv,0.658,-0.86,3.069,False,,Q6MWV6
Rv3590c,PE_PGRS58,PE-PGRS family protein PE_PGRS58,NonEssential,H37Rv,0.424,-0.355,1.507,False,,I6XHM5
Rv3514,PE_PGRS57,PE-PGRS family protein PE_PGRS57,NonEssential,H37Rv,-1.731,-8.414,4.797,False,,Q6MWW6
Rv3511,PE_PGRS55,PE-PGRS family protein PE_PGRS55,NonEssential,H37Rv,-1.787,-4.883,1.322,False,,Q6MWW8
Rv3508,PE_PGRS54,PE-PGRS family protein PE_PGRS54,NonEssential,H37Rv,-2.698,-8.216,3.368,False,,O53553
Rv3507,PE_PGRS53,PE-PGRS family protein PE_PGRS53,NonEssential,H37Rv,0.229,-2.735,4.13,False,,Q6MWW9
Rv3388,PE_PGRS52,PE-PGRS family protein PE_PGRS52,NonEssential,H37Rv,0.394,-1.091,2.49,False,,Q6MWX5
Rv3367,PE_PGRS51,PE-PGRS family protein PE_PGRS51,NonEssential,H37Rv,0.659,-0.417,2.248,False,,L0TCB8
Rv3345c,PE_PGRS50,PE-PGRS family protein PE_PGRS50,NonEssential,H37Rv,0.791,-1.746,3.954,False,,Q6MWY0
Rv0297,PE_PGRS5,PE-PGRS family protein PE_PGRS5,NonEssential,H37Rv,0.991,-1.896,4.924,False,,Q6MX50
Rv3344c,PE_PGRS49,PE-PGRS family protein PE_PGRS49,NonEssential,H37Rv,-0.471,-1.369,0.514,False,,L0TFC2
Rv2853,PE_PGRS48,PE-PGRS family protein PE_PGRS48,NonEssential,H37Rv,1.137,-0.998,4.272,False,,Q6MX26
Rv2741,PE_PGRS47,PE-PGRS family protein PE_PGRS47,NonEssential,H37Rv,-0.72,-4.135,3.963,False,,Q79FB3
Rv2634c,PE_PGRS46,PE-PGRS family protein PE_PGRS46,NonEssential,H37Rv,-0.087,-0.866,0.712,False,,P9WIE7
Rv2615c,PE_PGRS45,PE-PGRS family protein PE_PGRS45,NonEssential,H37Rv,-1.147,-3.141,1.238,False,,Q79FC3
Rv2591,PE_PGRS44,PE-PGRS family protein PE_PGRS44,NonEssential,H37Rv,1.093,-0.51,3.67,False,,P9WIE9
Rv2490c,PE_PGRS43,PE-PGRS family protein PE_PGRS43,NonEssential,H37Rv,0.509,-3.709,5.933,False,,Q79FD4
Rv2487c,PE_PGRS42,PE-PGRS family protein PE_PGRS42,NonEssential,H37Rv,1.06,-1.135,4.15,False,,I6XEF1
Rv2396,PE_PGRS41,PE-PGRS family protein PE_PGRS41,NonEssential,H37Rv,1.177,-0.56,3.789,False,,Q79FE6
Rv0279c,PE_PGRS4,PE-PGRS family protein PE_PGRS4,NonEssential,H37Rv,0.734,-1.554,3.901,False,,L0T4W6
Rv2340c,PE_PGRS39,PE-PGRS family protein PE_PGRS39,NonEssential,H37Rv,0.809,-1.976,4.768,False,,L7N659
Rv2162c,PE_PGRS38,PE-PGRS family protein PE_PGRS38,NonEssential,H37Rv,0.163,-1.601,2.457,False,,L7N6A1
Rv2126c,PE_PGRS37,PE-PGRS family protein PE_PGRS37,NonEssential,H37Rv,0.902,-1.381,4.425,False,,L0TBL4
Rv1840c,PE_PGRS34,PE-PGRS family protein PE_PGRS34,NonEssential,H37Rv,0.556,-1.256,2.98,False,,P9WIF3
Rv1818c,PE_PGRS33,PE-PGRS family protein PE_PGRS33,NonEssential,H37Rv,0.14,-1.896,2.97,False,,P9WIF5
Rv1803c,PE_PGRS32,PE-PGRS family protein PE_PGRS32,NonEssential,H37Rv,0.29,-1.298,2.299,False,,Q79FJ9
Rv1768,PE_PGRS31,PE-PGRS family protein PE_PGRS31,NonEssential,H37Rv,0.953,-1.623,4.446,False,,Q79FK9
Rv1651c,PE_PGRS30,PE-PGRS family protein PE_PGRS30,NonEssential,H37Rv,1.248,-0.589,3.975,False,,Q79FL8
Rv0278c,PE_PGRS3,PE-PGRS family protein PE_PGRS3,NonEssential,H37Rv,0.643,-0.832,2.835,False,,P9WIG3
Rv1468c,PE_PGRS29,PE-PGRS family protein PE_PGRS29,NonEssential,H37Rv,1.129,-0.577,3.746,False,,Q79FP0
Rv1452c,PE_PGRS28,PE-PGRS family protein PE_PGRS28,NonEssential,H37Rv,1.105,-0.338,3.386,False,,Q79FP1
Rv1450c,PE_PGRS27,PE-PGRS family protein PE_PGRS27,NonEssential,H37Rv,0.626,-0.76,2.917,False,,Q79FP2
Rv1441c,PE_PGRS26,PE-PGRS family protein PE_PGRS26,NonEssential,H37Rv,-0.487,-3.812,3.593,False,,Q79FP3
Rv1396c,PE_PGRS25,PE-PGRS family protein PE_PGRS25,NonEssential,H37Rv,-0.884,-6.993,5.46,False,,P71664
Rv1325c,PE_PGRS24,PE-PGRS family protein PE_PGRS24,NonEssential,H37Rv,0.194,-3.376,4.485,False,,P9WIF7
Rv1243c,PE_PGRS23,PE-PGRS family protein PE_PGRS23,NonEssential,H37Rv,1.333,-0.398,4.252,False,,Q79FQ7
Rv1091,PE_PGRS22,PE-PGRS family protein PE_PGRS22,NonEssential,H37Rv,0.13,-3.452,3.814,False,,Q79FS5
Rv1087,PE_PGRS21,PE-PGRS family protein PE_PGRS21,NonEssential,H37Rv,0.253,-0.92,1.795,False,,Q79FT0
Rv1068c,PE_PGRS20,PE-PGRS family protein PE_PGRS20,NonEssential,H37Rv,-0.213,-4.038,3.528,False,,P9WIF9
Rv0124,PE_PGRS2,PE-PGRS family protein PE_PGRS2,NonEssential,H37Rv,-1.663,-4.738,1.697,False,,Q79G08
Rv1067c,PE_PGRS19,PE-PGRS family protein PE_PGRS19,NonEssential,H37Rv,-0.094,-2.22,2.522,False,,Q79FT3
Rv0872c,PE_PGRS15,PE-PGRS family protein PE_PGRS15,NonEssential,H37Rv,1.52,-0.854,5.441,False,,Q79FV3
Rv0834c,PE_PGRS14,PE-PGRS family protein PE_PGRS14,NonEssential,H37Rv,0.722,-2.53,4.716,False,,Q79FV6
Rv0833,PE_PGRS13,PE-PGRS family protein PE_PGRS13,NonEssential,H37Rv,0.838,-0.812,3.492,False,,Q79FV7
Rv0832,PE_PGRS12,PE-PGRS family protein PE_PGRS12,NonEssential,H37Rv,-0.186,-1.808,1.42,False,,Q79FV8
Rv0754,PE_PGRS11,PE-PGRS family protein PE_PGRS11,NonEssential,H37Rv,0.844,-1.475,4.063,False,,Q79FW5
Rv0747,PE_PGRS10,PE-PGRS family protein PE_PGRS10,NonEssential,H37Rv,0.616,-1.95,4.423,False,,P9WIG1
Rv0109,PE_PGRS1,PE-PGRS family protein PE_PGRS1,NonEssential,H37Rv,-0.008,-6.486,7.657,False,,L0T2H7
Rv1088,PE9,PE family protein PE9,NonEssential,H37Rv,0.112,-0.637,1.061,False,,Q79FS8
Rv1040c,PE8,PE family protein PE8,NonEssential,H37Rv,0.912,-0.699,3.693,False,,L7N667
Rv0916c,PE7,PE family protein PE7,NonEssential,H37Rv,0.315,-0.502,1.49,False,,I6Y936
Rv3893c,PE36,PE family protein PE36,NonEssential,H37Rv,0.312,-0.606,1.461,False,,L7N660
Rv3872,PE35,PE family protein PE35,NonEssential,H37Rv,0.527,-0.655,2.312,False,,P9WIG7
Rv3746c,PE34,PE family protein PE34,NonEssential,H37Rv,-0.247,-4.75,4.893,False,,Q79FA1
Rv3650,PE33,PE family protein PE33,NonEssential,H37Rv,-0.048,-3.537,3.987,False,,I6X7Z8
Rv3622c,PE32,PE family protein PE32,NonEssential,H37Rv,0.563,-1.121,2.972,False,,I6YGS7
Rv3477,PE31,PE family protein PE31,NonEssential,H37Rv,-0.599,-1.628,0.96,False,,I6YG87
Rv3022A,PE29,PE family protein PE29,NonEssential,H37Rv,0.015,-8.879,8.474,False,,Q6MX17
Rv2769c,PE27,PE family protein PE27,NonEssential,H37Rv,0.883,-1.02,3.621,False,,Q79FA8
Rv2519,PE26,PE family protein PE26,NonEssential,H37Rv,1.678,-0.285,5.018,False,,Q79FD3
Rv2431c,PE25,PE family protein PE25,NonEssential,H37Rv,0.64,-0.642,2.502,False,,I6X486
Rv2408,PE24,PE family protein PE24,NonEssential,H37Rv,0.609,-0.456,2.457,False,,Q79FE3
Rv2328,PE23,PE family protein PE23,NonEssential,H37Rv,1.288,-0.162,3.771,False,,P9WIG9
Rv2107,PE22,PE family protein PE22,NonEssential,H37Rv,1.021,-0.342,3.382,False,,L7N6B5
Rv1806,PE20,PE family protein PE20,NonEssential,H37Rv,1.684,-0.131,4.559,False,,L7N656
Rv1791,PE19,PE family protein PE19,NonEssential,H37Rv,-0.962,-2.908,1.93,False,,Q79FK4
Rv1646,PE17,PE family protein PE17,NonEssential,H37Rv,0.723,-1.374,3.925,False,,L7N681
Rv1430,PE16,PE family protein PE16,NonEssential,H37Rv,1.165,-1.339,4.747,False,,L7N697
Rv1214c,PE14,PE family protein PE14,NonEssential,H37Rv,0.223,-0.586,1.355,False,,L7N6A7
Rv1172c,PE12,PE family protein PE12,NonEssential,H37Rv,1.31,-0.505,4.437,False,,L7N693
Rv1089,PE10,PE family protein PE10,NonEssential,H37Rv,0.606,-6.144,8.563,False,,L0T5T4
Rv2607,pdxH,pyridoxamine 5'-phosphate oxidase PdxH,NonEssential,H37Rv,1.011,-0.668,3.765,False,,P9WIJ1
Rv0853c,pdc,pyruvate or indole-3-pyruvate decarboxylase Pdc,NonEssential,H37Rv,1.279,-0.387,4.341,False,,P9WG37
Rv0319,pcp,pyrrolidone-carboxylate peptidase Pcp,NonEssential,H37Rv,0.192,-1.149,1.699,False,,P9WIJ5
Rv0211,pckA,iron-regulated phosphoenolpyruvate carboxykinase PckA,NonEssential,H37Rv,1.051,-1.191,4.179,False,,P9WIH3
Rv3293,pcd,piperideine-6-carboxylic acid dehydrogenase Pcd,NonEssential,H37Rv,1.081,-0.471,3.603,False,,L7N650
Rv0470c,pcaA,mycolic acid synthase PcaA,NonEssential,H37Rv,0.29,-2.451,4.069,False,,P9WPB3
Rv2967c,pca,pyruvate carboxylase Pca,NonEssential,H37Rv,0.02,-2.625,3.67,False,,I6YEU0
Rv0016c,pbpA,penicillin-binding protein PbpA,NonEssential,H37Rv,-0.256,-2.76,3.536,False,,P9WKD1
Rv1960c,parD1,antitoxin ParD1,NonEssential,H37Rv,0.418,-0.682,2.176,False,,P9WIJ7
Rv2939,papA5,acyltransferase PapA5,NonEssential,H37Rv,1.329,-0.244,4.194,False,,P9WIN5
Rv1528c,papA4,polyketide synthase associated protein PapA4,NonEssential,H37Rv,1.108,-0.461,3.785,False,,O53902
Rv1182,papA3,polyketide synthase associated protein PapA3,NonEssential,H37Rv,1.242,-0.618,3.911,False,,P9WIK5
Rv3820c,papA2,acyltransferase PapA2,NonEssential,H37Rv,1.07,-2.589,5.906,False,,P9WIK7
Rv3824c,papA1,acyltransferase PapA1,NonEssential,H37Rv,1.362,-1.211,4.783,False,,P9WIK9
Rv2095c,pafC,proteasome accessory factor C PafC,NonEssential,H37Rv,-0.029,-1.826,2.961,False,,P9WIL9
Rv2096c,pafB,proteasome accessory factor B PafB,NonEssential,H37Rv,0.892,-1.686,4.618,False,,P9WIM1
Rv2097c,pafA,proteasome accessory factor A PafA,NonEssential,H37Rv,-0.866,-3.614,3.128,False,,P9WNU7
Rv0117,oxyS,oxidative stress response regulatory protein OxyS,NonEssential,H37Rv,-0.046,-3.995,4.655,False,,L7N677
Rv0118c,oxcA,oxalyl-CoA decarboxylase OxcA,NonEssential,H37Rv,1.558,-0.3,4.751,False,,O53639
Rv2006,otsB1,trehalose-6-phosphate phosphatase OtsB1,NonEssential,H37Rv,1.444,-0.149,4.223,False,,P9WN15
Rv1281c,oppD,oligopeptide-transport ABC transporter ATP-binding protein OppD,NonEssential,H37Rv,1.362,-0.314,4.001,False,,P9WQJ5
Rv1282c,oppC,oligopeptide-transport ABC transporter integral membrane protein OppC,NonEssential,H37Rv,1.017,-0.396,3.399,False,,P9WFZ9
Rv1283c,oppB,oligopeptide-transport ABC transporter integral membrane protein OppB,NonEssential,H37Rv,1.273,-0.146,3.565,False,,P9WFZ7
Rv1280c,oppA,periplasmic oligopeptide-binding lipoprotein OppA,NonEssential,H37Rv,1.3,-0.673,4.398,False,,P9WGU5
Rv0266c,oplA,5-oxoprolinase OplA,NonEssential,H37Rv,1.284,-0.192,3.681,False,,P95223
Rv1446c,opcA,OXPP cycle protein OpcA,NonEssential,H37Rv,1.173,-0.339,3.364,False,,O06813
Rv1153c,omt,O-methyltransferase Omt,NonEssential,H37Rv,0.968,-0.554,3.46,False,,O06551
Rv0899,ompA,outer membrane protein A OmpA,NonEssential,H37Rv,0.491,-3.453,5.823,False,,P9WIU5
Rv1316c,ogt,methylated-DNA-protein-cysteine methyltransferase Ogt,NonEssential,H37Rv,0.913,-0.121,2.53,False,,P9WJW5
Rv3158,nuoN,NADH dehydrogenase subunit N NuoN,NonEssential,H37Rv,0.75,-0.94,3.463,False,,P9WIW9
Rv3157,nuoM,NADH dehydrogenase subunit M NuoK,NonEssential,H37Rv,0.657,-1.327,4.048,False,,P9WIW5
Rv3156,nuoL,NADH dehydrogenase subunit L NuoL,NonEssential,H37Rv,0.922,-0.673,3.537,False,,P9WIW1
Rv3155,nuoK,NADH dehydrogenase subunit K NuoK,NonEssential,H37Rv,-0.568,-2.6,1.893,False,,P9WIX3
Rv3154,nuoJ,NADH dehydrogenase subunit J NuoJ,NonEssential,H37Rv,1.004,-0.702,3.587,False,,P95172
Rv3153,nuoI,NADH dehydrogenase subunit I NuoI,NonEssential,H37Rv,-2.127,-9.457,5.358,False,,P9WJG9
Rv3152,nuoH,NADH dehydrogenase subunit H NuoH,NonEssential,H37Rv,0.42,-0.924,2.684,False,,P9WIX1
Rv3151,nuoG,NADH dehydrogenase subunit G NuoG,NonEssential,H37Rv,0.727,-1.207,3.834,False,,P9WIV9
Rv3150,nuoF,NADH dehydrogenase subunit F NuoF,NonEssential,H37Rv,0.728,-0.741,3.296,False,,P9WIV7
Rv3149,nuoE,NADH dehydrogenase subunit E NuoE,NonEssential,H37Rv,1.372,-0.529,4.55,False,,P9WIV5
Rv3148,nuoD,NADH dehydrogenase subunit D NuoD,NonEssential,H37Rv,0.643,-0.576,2.683,False,,P9WJH5
Rv3147,nuoC,NADH dehydrogenase subunit C NuoC,NonEssential,H37Rv,-0.121,-2.459,2.643,False,,P9WJH3
Rv3146,nuoB,NADH dehydrogenase subunit B NuoB,NonEssential,H37Rv,1.022,-0.702,3.721,False,,P9WJH1
Rv3145,nuoA,NADH dehydrogenase subunit A NuoA,NonEssential,H37Rv,0.005,-3.791,4.258,False,,P9WIW7
Rv3199c,nudC,NADH pyrophosphatase NudC,NonEssential,H37Rv,1.073,-1.534,4.614,False,,P9WIX5
Rv3674c,nth,endonuclease III Nth,NonEssential,H37Rv,0.789,-1.33,4.075,False,,P9WQ11
Rv0101,nrp,peptide synthetase Nrp,NonEssential,H37Rv,0.628,-0.911,2.207,False,,Q10896
Rv0570,nrdZ,ribonucleoside-diphosphate reductase NrdZ,NonEssential,H37Rv,1.624,-0.444,4.905,False,,P9WH77
Rv2718c,nrdR,transcriptional regulator NrdR,NonEssential,H37Rv,0.902,-0.932,4.147,False,,P9WIZ1
Rv0233,nrdB,ribonucleoside-diphosphate reductase NrdB,NonEssential,H37Rv,0.884,-0.97,3.789,False,,P9WH69
Rv3744,nmtR,ArsR family transcriptional regulator,NonEssential,H37Rv,0.623,-0.55,2.455,False,,O69711
Rv1399c,nlhH,lipase LipH,NonEssential,H37Rv,1.023,-0.505,3.339,False,,P9WK87
Rv0253,nirD,nitrite reductase [NAD(P)H] small subunit NirD,NonEssential,H37Rv,1.593,-0.508,5.048,False,,O53675
Rv0252,nirB,nitrite reductase [NAD(P)H] large subunit NirB,NonEssential,H37Rv,1.106,-1.207,4.382,False,,O53674
Rv2856,nicT,nickel-transport integral membrane protein NicT,NonEssential,H37Rv,1.328,-0.073,3.827,False,,I6YEJ7
Rv3297,nei,endonuclease VIII Nei,NonEssential,H37Rv,0.449,-0.504,1.81,False,,P9WNC1
Rv2445c,ndkA,nucleoside diphosphate kinase NdkA,NonEssential,H37Rv,-2.166,-5.404,1.599,False,,P9WJH7
Rv0392c,ndhA,NADH dehydrogenase NdhA,NonEssential,H37Rv,-1.899,-5.291,2.533,False,,P95200
Rv3566c,nat,arylamine N-acetyltransferase Nat,NonEssential,H37Rv,0.873,-0.721,3.022,False,,P9WJI5
Rv1736c,narX,nitrate reductase NarX,NonEssential,H37Rv,1.209,-0.48,4.04,False,,P9WJQ1
Rv0844c,narL,nitrate/nitrite response transcriptional regulator NarL,NonEssential,H37Rv,0.986,-0.338,2.977,False,,P9WGM5
Rv0261c,narK3,integral membrane nitrite extrusion protein NarK3,NonEssential,H37Rv,1.407,-0.655,4.906,False,,P95218
Rv1737c,narK2,nitrate/nitrite transporter NarK2,NonEssential,H37Rv,1.507,-0.467,4.691,False,,P9WJY7
Rv2329c,narK1,nitrite extrusion protein 1 NarK1,NonEssential,H37Rv,1.394,-0.386,4.193,False,,P71883
Rv1163,narJ,respiratory nitrate reductase delta chain NarJ,NonEssential,H37Rv,0.207,-0.774,1.463,False,,O06561
Rv1164,narI,respiratory nitrate reductase gamma chain NarI,NonEssential,H37Rv,0.58,-2.248,4.374,False,,O06562
Rv1162,narH,respiratory nitrate reductase beta chain NarH,NonEssential,H37Rv,1.259,-0.825,4.619,False,,O06560
Rv1161,narG,respiratory nitrate reductase alpha chain NarG,NonEssential,H37Rv,1.345,-0.47,4.402,False,,P9WJQ3
Rv1902c,nanT,sialic acid-transport integral membrane protein NanT,NonEssential,H37Rv,1.473,-0.515,4.863,False,,O07730
Rv3332,nagA,N-acetylglucosamine-6-phosphate deacetylase NagA,NonEssential,H37Rv,1.299,-0.654,4.443,False,,O53382
Rv0212c,nadR,transcriptional regulator AsnC-family,NonEssential,H37Rv,0.998,-0.386,3.325,False,,P96394
Rv3449,mycP4,membrane-anchored mycosin MycP4,NonEssential,H37Rv,1.415,-0.602,4.481,False,,I6YC58
Rv3886c,mycP2,type VII secretion-associated serine protease mycosin,NonEssential,H37Rv,1.032,-1.485,4.453,False,,O05458
Rv3883c,mycP1,mycosin MycP1,NonEssential,H37Rv,0.319,-3.54,5.509,False,,O05461
Rv3589,mutY,adenine glycosylase MutY,NonEssential,H37Rv,0.968,-0.483,3.522,False,,P9WQ09
Rv3908,mutT4,mutator protein MutT4,NonEssential,H37Rv,-6.089,-10.303,-1.886,False,,P9WIX7
Rv0413,mutT3,mutator protein MutT3,NonEssential,H37Rv,-0.196,-5.208,5.941,False,,P9WIX9
Rv1160,mutT2,mutator protein MutT2,NonEssential,H37Rv,0.119,-0.809,1.313,False,,P9WIY1
Rv2985,mutT1,hydrolase MutT1,NonEssential,H37Rv,0.67,-1.064,3.237,False,,P9WIY3
Rv1493,mutB,methylmalonyl-CoA mutase large subunit MutB,NonEssential,H37Rv,0.665,-1.959,4.305,False,,P9WJK5
Rv1492,mutA,methylmalonyl-CoA mutase small subunit MutA,NonEssential,H37Rv,-0.386,-2.895,3.234,False,,P9WJK7
Rv2855,mtr,NADPH-dependent mycothiol reductase Mtr,NonEssential,H37Rv,2.077,-0.334,5.761,False,,P9WHH3
Rv0091,mtn,bifunctional MTA/SAH nucleosidase Mtn,NonEssential,H37Rv,0.853,-0.581,3.051,False,,P9WJM3
Rv0040c,mtc28,secreted proline rich protein Mtc28,NonEssential,H37Rv,1.28,-1.013,5.208,False,,P9WIM9
Rv0137c,msrA,peptide methionine sulfoxide reductase MsrA,NonEssential,H37Rv,1.246,-0.44,4.129,False,,P9WJM5
Rv1170,mshB,1-D-myo-inositol 2-acetamido-2-deoxy-alpha-D-glucopyranoside deacetylase,NonEssential,H37Rv,0.311,-2.29,3.753,False,,P9WJN3
Rv0486,mshA,glycosyltransferase MshA,NonEssential,H37Rv,-0.729,-4.687,4.55,False,,P9WMY7
Rv2259,mscR,s-nitrosomycothiol reductase MscR,NonEssential,H37Rv,0.966,-1.205,4.271,False,,O53533
Rv0985c,mscL,large-conductance mechanosensitive channel MscL,NonEssential,H37Rv,1.46,-0.151,4.089,False,,P9WJN5
Rv2528c,mrr,restriction system protein Mrr,NonEssential,H37Rv,0.741,-1.183,3.702,False,,I6Y9K2
Rv2852c,mqo,malate dehydrogenase Mqo,NonEssential,H37Rv,1.34,-0.847,4.429,False,,P9WJP5
Rv2873,mpt83,cell surface lipoprotein MPT83 (lipoprotein P23),NonEssential,H37Rv,1.132,-0.017,2.855,False,,P9WNF3
Rv2875,mpt70,immunogenic protein MPT70,NonEssential,H37Rv,0.304,-0.515,1.496,False,,P9WNF5
Rv2878c,mpt53,soluble secreted antigen MPT53,NonEssential,H37Rv,0.735,-1.006,3.326,False,,P9WG65
Rv1688,mpg,3-methyladenine DNA glycosylase Mpg,NonEssential,H37Rv,0.239,-0.661,1.385,False,,P9WJP7
Rv2115c,mpa,mycobacterial proteasome ATPase Mpa,NonEssential,H37Rv,-0.784,-3.123,2.892,False,,P9WQN5
Rv3164c,moxR3,methanol dehydrogenase transcriptional regulator MoxR3,NonEssential,H37Rv,1.127,-0.353,3.568,False,,O53314
Rv3692,moxR2,methanol dehydrogenase transcriptional regulator MoxR2,NonEssential,H37Rv,1.238,-0.28,3.831,False,,I6YGX9
Rv0865,mog,molybdopterin biosynthesis protein Mog,NonEssential,H37Rv,0.006,-0.815,1.121,False,,I6Y8Y8
Rv1355c,moeY,molybdopterin biosynthesis protein MoeY,NonEssential,H37Rv,1.27,-0.669,4.333,False,,P9WM11
Rv1681,moeX,molybdopterin biosynthesis protein MoeX,NonEssential,H37Rv,1,-0.387,3.304,False,,O33183
Rv2338c,moeW,molybdopterin biosynthesis protein MoeW,NonEssential,H37Rv,1.238,-0.785,4.205,False,,P95234
Rv3116,moeB2,molybdenum cofactor biosynthesis protein MoeB2,NonEssential,H37Rv,1.262,-0.04,3.562,False,,L7N674
Rv0438c,moeA2,molybdopterin biosynthesis protein MoeA2,NonEssential,H37Rv,0.921,-1.293,4.015,False,,P9WJQ5
Rv0994,moeA1,molybdopterin biosynthesis protein MoeA1,NonEssential,H37Rv,0.275,-2.51,4.056,False,,P9WJQ7
Rv1859,modC,molybdenum-transport ABC transporter ATP-binding protein ModC,NonEssential,H37Rv,0.502,-2.375,3.707,False,,P9WQL3
Rv1858,modB,molybdenum-transport ABC transporter integral membrane protein ModB,NonEssential,H37Rv,1.273,-0.875,4.585,False,,P9WG13
Rv2453c,mobA,molybdopterin-guanine dinucleotide biosynthesis protein A MobA,NonEssential,H37Rv,0.835,-1.06,3.342,False,,P9WJQ9
Rv3323c,moaX,MoaD-MoaE fusion protein MoaX,NonEssential,H37Rv,0.537,-1.191,2.946,False,,Q6MWY3
Rv3124,moaR1,transcriptional regulator MoaR1,NonEssential,H37Rv,1.127,-0.317,3.514,False,,O05797
Rv0866,moaE2,molybdenum cofactor biosynthesis protein E2 MoaE2,NonEssential,H37Rv,0.648,-1.135,3.025,False,,P9WJR1
Rv0868c,moaD2,molybdenum cofactor biosynthesis protein D2 MoaD2,NonEssential,H37Rv,0.971,-0.318,3.005,False,,I6XWG2
Rv3112,moaD1,molybdenum cofactor biosynthesis protein D1 MoaD1,NonEssential,H37Rv,0.271,-2.004,3.427,False,,L7N6B4
Rv3324c,moaC3,molybdenum cofactor biosynthesis protein C3 MoaC3,NonEssential,H37Rv,0.688,-0.074,1.833,False,,P9WJR5
Rv0864,moaC2,molybdenum cofactor biosynthesis protein C2 MoaC2,NonEssential,H37Rv,0.358,-0.752,1.715,False,,P9WJR7
Rv3111,moaC1,molybdenum cofactor biosynthesis protein C1 MoaC1,NonEssential,H37Rv,1.666,-0.781,5.755,False,,P9WJR9
Rv0984,moaB2,pterin-4-alpha-carbinolamine dehydratase MoaB2,NonEssential,H37Rv,-0.446,-6.971,6.028,False,,O53897
Rv3110,moaB1,pterin-4-alpha-carbinolamine dehydratase MoaB1,NonEssential,H37Rv,0.582,-0.687,2.147,False,,Q6MX13
Rv0869c,moaA2,molybdenum cofactor biosynthesis protein A2 MoaA2,NonEssential,H37Rv,0.971,-1.374,4.256,False,,P9WJS1
Rv3109,moaA1,molybdenum cofactor biosynthesis protein A1 MoaA1,NonEssential,H37Rv,1.107,-0.359,3.858,False,,P9WJS3
Rv0924c,mntH,divalent cation-transport integral membrane protein MntH,NonEssential,H37Rv,0.893,-0.814,3.507,False,,P9WIZ5
Rv0751c,mmsB,3-hydroxyisobutyrate dehydrogenase MmsB,NonEssential,H37Rv,0.889,-0.746,3.385,False,,P9WNY5
Rv0753c,mmsA,methylmalonate-semialdehyde dehydrogenase MmsA,NonEssential,H37Rv,1.16,-0.749,4.302,False,,O53816
Rv3065,mmr,multidrug resistance protein Mmr,NonEssential,H37Rv,0.5,-0.476,1.973,False,,P9WGF1
Rv0677c,mmpS5,membrane protein MmpS5,NonEssential,H37Rv,0.766,-0.871,3.457,False,,P9WJS7
Rv0451c,mmpS4,membrane protein MmpS4,NonEssential,H37Rv,0.583,-1.025,3.054,False,,P9WJS9
Rv2198c,mmpS3,membrane protein MmpS3,NonEssential,H37Rv,-0.597,-4.46,4.405,False,,P9WJT1
Rv0506,mmpS2,membrane protein MmpS2,NonEssential,H37Rv,0.578,-0.462,2.135,False,,P9WJT3
Rv0403c,mmpS1,membrane protein MmpS1,NonEssential,H37Rv,0.844,-0.437,2.905,False,,P9WJT5
Rv2339,mmpL9,transmembrane transporter MmpL9,NonEssential,H37Rv,1.707,-0.079,4.375,False,,P9WJU3
Rv3823c,mmpL8,membrane transporter MmpL8,NonEssential,H37Rv,1.609,-0.584,4.685,False,,P9WJU5
Rv2942,mmpL7,RND superfamily inner membrane transporter MmpL7,NonEssential,H37Rv,1.397,-0.386,4.236,False,,P9WJU7
Rv1557,mmpL6,transmembrane transporter MmpL6,NonEssential,H37Rv,0.953,-1.127,3.996,False,,P9WJU9
Rv0676c,mmpL5,transmembrane transporter MmpL5,NonEssential,H37Rv,0.607,-0.904,3.16,False,,P9WJV1
Rv0450c,mmpL4,transmembrane transporter MmpL4,NonEssential,H37Rv,1.423,-0.534,4.288,False,,P9WJV3
Rv0507,mmpL2,transmembrane transporter MmpL2,NonEssential,H37Rv,0.478,-1.428,3.414,False,,P9WJV7
Rv1522c,mmpL12,transmembrane transporter MmpL12,NonEssential,H37Rv,1.268,-0.267,4.007,False,,P9WJT7
Rv0202c,mmpL11,transmembrane transporter MmpL11,NonEssential,H37Rv,0.506,-1.549,3.524,False,,P9WJT9
Rv1183,mmpL10,transmembrane transporter MmpL10,NonEssential,H37Rv,0.809,-1.242,3.982,False,,P9WJU1
Rv0402c,mmpL1,transmembrane transporter MmpL1,NonEssential,H37Rv,1.429,-0.051,3.784,False,,P9WJV9
Rv0937c,mku,DNA end-binding protein Mku,NonEssential,H37Rv,-0.242,-4.301,4.037,False,,P9WKD9
Rv1388,mihF,integration host factor MihF,NonEssential,H37Rv,-10.645,-17.88,-2.238,False,,P71658
Rv3592,mhuD,heme degrading protein MhuD,NonEssential,H37Rv,-0.932,-4.412,2.463,False,,P9WKH3
Rv3469c,mhpE,4-hydroxy-2-oxovalerate aldolase MhpE,NonEssential,H37Rv,0.633,-2.538,5.055,False,,O06334
Rv0362,mgtE,Mg2+ transport transmembrane protein MgtE,NonEssential,H37Rv,0.124,-2.564,3.784,False,,O06312
Rv0557,mgtA,mannosyltransferase MgtA,NonEssential,H37Rv,0.405,-1.081,3.045,False,,P9WMY5
Rv1020,mfd,transcription-repair coupling factor Mfd,NonEssential,H37Rv,0.453,-1.425,3.228,False,,P9WMQ5
Rv2332,mez,malate dehydrogenase Mez,NonEssential,H37Rv,1.46,-0.441,4.739,False,,P9WK25
Rv0391,metZ,O-succinylhomoserine sulfhydrylase MetZ,NonEssential,H37Rv,0.205,-2.566,3.661,False,,P9WGB5
Rv2124c,metH,methionine synthase MetH,NonEssential,H37Rv,1.218,-0.345,3.864,False,,O33259
Rv3340,metC,O-acetylhomoserine sulfhydrylase MetC,NonEssential,H37Rv,-4.209,-7.164,-0.169,False,,O53390
Rv1079,metB,cystathionine gamma-synthase MetB,NonEssential,H37Rv,1.006,-1.468,4.836,False,,P9WGB7
Rv3176c,mesT,epoxide hydrolase MesT,NonEssential,H37Rv,0.595,-2.962,5.364,False,,Q6MX03
Rv1334,mec,hydrolase,NonEssential,H37Rv,0.418,-1.635,2.807,False,,P9WHS1
Rv1240,mdh,malate dehydrogenase Mdh,NonEssential,H37Rv,-6.304,-9.893,-1.687,False,,P9WK13
Rv1698,mctB,outer membrane protein MctB,NonEssential,H37Rv,0.067,-2.862,4.164,False,,P9WJ83
Rv3494c,mce4F,MCE-family protein Mce4F,NonEssential,H37Rv,0.498,-1.868,4.018,False,,I6YC95
Rv3496c,mce4D,MCE-family protein Mce4D,NonEssential,H37Rv,0.646,-0.663,2.899,False,,I6XHD6
Rv3497c,mce4C,MCE-family protein Mce4C,NonEssential,H37Rv,0.448,-1.324,2.906,False,,I6YGB1
Rv3498c,mce4B,MCE-family protein Mce4B,NonEssential,H37Rv,0.5,-2.262,4.166,False,,I6X7G8
Rv3499c,mce4A,MCE-family protein Mce4A,NonEssential,H37Rv,0.288,-1.209,2.815,False,,I6YC99
Rv1963c,mce3R,transcriptional repressor Mce3R,NonEssential,H37Rv,0.209,-1.733,3.421,False,,P95251
Rv1971,mce3F,MCE-family protein Mce3F,NonEssential,H37Rv,1.308,-1.433,4.987,False,,O53972
Rv1969,mce3D,MCE-family protein Mce3D,NonEssential,H37Rv,1.285,-0.529,3.913,False,,O53970
Rv1968,mce3C,MCE-family protein Mce3C,NonEssential,H37Rv,1.222,-0.823,4.395,False,,O53969
Rv1967,mce3B,MCE-family protein Mce3B,NonEssential,H37Rv,1.399,-0.504,5.022,False,,O53968
Rv1966,mce3A,MCE-family protein Mce3A,NonEssential,H37Rv,1.215,-0.517,3.801,False,,L7N698
Rv0586,mce2R,transcriptional regulator Mce2R,NonEssential,H37Rv,1.004,-1.015,3.824,False,,P9WMG5
Rv0594,mce2F,MCE-family protein Mce2F,NonEssential,H37Rv,1.095,-0.417,3.572,False,,O07784
Rv0592,mce2D,MCE-family protein Mce2D,NonEssential,H37Rv,0.498,-1.987,3.942,False,,I6WYT7
Rv0591,mce2C,MCE-family protein Mce2C,NonEssential,H37Rv,0.261,-3.144,4.674,False,,O07787
Rv0590,mce2B,MCE-family protein Mce2B,NonEssential,H37Rv,1.106,-0.677,3.818,False,,O07788
Rv0589,mce2A,MCE-family protein Mce2A,NonEssential,H37Rv,1.533,-0.243,4.532,False,,Q79FY7
Rv0165c,mce1R,transcriptional regulator Mce1R,NonEssential,H37Rv,1.489,-0.607,4.33,False,,Q79G00
Rv0174,mce1F,MCE-family protein Mce1F,NonEssential,H37Rv,0.767,-1.518,4.177,False,,L0T2W6
Rv0172,mce1D,MCE-family protein Mce1D,NonEssential,H37Rv,0.71,-0.913,3.326,False,,O07416
Rv0171,mce1C,MCE-family protein Mce1C,NonEssential,H37Rv,0.519,-1.333,3.386,False,,O07415
Rv0170,mce1B,MCE-family protein Mce1B,NonEssential,H37Rv,0.61,-2.327,4.855,False,,O07414
Rv0169,mce1A,MCE-family protein Mce1A,NonEssential,H37Rv,0.135,-2.001,3.189,False,,Q79FZ9
Rv1082,mca,mycothiol conjugate amidase Mca,NonEssential,H37Rv,-1.364,-4.986,3.604,False,,P9WJN1
Rv1346,mbtN,acyl-CoA dehydrogenase MbtN,NonEssential,H37Rv,0.476,-0.755,2.375,False,,P9WQF9
Rv1345,mbtM,fatty acyl-AMP ligase MbtM,NonEssential,H37Rv,0.662,-1.351,3.41,False,,P9WQ41
Rv1344,mbtL,acyl carrier protein MbtL,NonEssential,H37Rv,1.006,-0.128,2.783,False,,P9WQF1
Rv1347c,mbtK,lysine N-acetyltransferase MbtK,NonEssential,H37Rv,0.675,-0.461,2.511,False,,P9WK15
Rv2385,mbtJ,acetyl hydrolase MbtJ,NonEssential,H37Rv,1.413,-0.248,4.097,False,,Q79FE8
Rv2377c,mbtH,protein MbtH,NonEssential,H37Rv,0.153,-1.553,2.006,False,,P9WIP5
Rv2378c,mbtG,lysine-N-oxygenase MbtG,NonEssential,H37Rv,0.619,-1.842,4.199,False,,P9WKF7
Rv2379c,mbtF,peptide synthetase MbtF,NonEssential,H37Rv,1.01,-0.734,3.292,False,,O05819
Rv2380c,mbtE,peptide synthetase MbtE,NonEssential,H37Rv,1.517,0.05,3.169,False,,I6Y0L1
Rv2381c,mbtD,mycobactin polyketide synthetase MbtD,NonEssential,H37Rv,0.823,-0.866,3.505,False,,P71719
Rv2382c,mbtC,mycobactin polyketide synthetase MbtC,NonEssential,H37Rv,0.685,-1.436,4.097,False,,P71718
Rv2383c,mbtB,phenyloxazoline synthase MbtB,NonEssential,H37Rv,0.777,-0.82,3.379,False,,P9WQ63
Rv2384,mbtA,salicyl-AMP ligase MbtA,NonEssential,H37Rv,1.168,-0.999,4.392,False,,P71716
Rv2801c,mazF9,toxin MazF9,NonEssential,H37Rv,1.076,-0.329,3.409,False,,P71650
Rv2274c,mazF8,toxin MazF8,NonEssential,H37Rv,0.801,-0.359,2.562,False,,P9WIH7
Rv2063A,mazF7,toxin MazF7,NonEssential,H37Rv,1.498,-0.453,4.514,False,,P0CL62
Rv1991c,mazF6,toxin MazF6,NonEssential,H37Rv,0.054,-0.711,0.953,False,,P9WII3
Rv1942c,mazF5,toxin MazF5,NonEssential,H37Rv,1.228,-0.383,3.838,False,,P95272
Rv1495,mazF4,toxin MazF4,NonEssential,H37Rv,Not Present.,Not Present.,Not Present.,Not Present.,Not Present.,P9WII5
Rv1102c,mazF3,toxin MazF3,NonEssential,H37Rv,0.703,-0.256,2.13,False,,P9WIH9
Rv0659c,mazF2,toxin MazF2,NonEssential,H37Rv,0.95,-0.989,3.418,False,,P9WII1
Rv0456A,mazF1,toxin MazF1,NonEssential,H37Rv,0.133,-2.535,3.891,False,,Q6MX40
Rv2801A,mazE9,antitoxin MazE9,NonEssential,H37Rv,0.566,-0.457,1.94,False,,P0CL61
Rv2274A,mazE8,antitoxin MazE8,NonEssential,H37Rv,0.829,-0.657,3.298,False,,P0CL60
Rv2063,mazE7,antitoxin MazE7,NonEssential,H37Rv,-1.809,-4.63,1.725,False,,P9WJ85
Rv1991A,mazE6,antitoxin MazE6,NonEssential,H37Rv,-2.562,-4.039,-1.163,False,,P9WJ87
Rv1943c,mazE5,antitoxin MazE5,NonEssential,H37Rv,Not Present.,Not Present.,Not Present.,Not Present.,Not Present.,P9WJ89
Rv1494,mazE4,antitoxin MazE4,NonEssential,H37Rv,0.567,-6.803,8.031,False,,P9WJ91
Rv1103c,mazE3,antitoxin MazE3,NonEssential,H37Rv,0.587,-0.094,1.641,False,,O53451
Rv0660c,mazE2,antitoxin MazE2,NonEssential,H37Rv,1.087,0.007,2.856,False,,O06779
Rv0456B,mazE1,antitoxin MazE1,NonEssential,H37Rv,-4.327,-19.856,11.816,False,,P0CL57
Rv2940c,mas,mycocerosic acid synthase membrane-associated Mas,NonEssential,H37Rv,0.905,-0.58,3.066,False,,I6Y231
Rv2861c,mapB,methionine aminopeptidase MapB,NonEssential,H37Rv,0.783,-2.627,5.287,False,,P9WK19
Rv0734,mapA,methionine aminopeptidase MapA,NonEssential,H37Rv,-0.845,-3.086,2.332,False,,P9WK21
Rv0127,mak,maltokinase Mak,NonEssential,H37Rv,0.279,-1.353,1.875,False,,O07177
Rv3382c,lytB1,LYTB1 protein,NonEssential,H37Rv,1.397,-0.897,5.203,False,,P9WKF9
Rv1640c,lysX,lysyl-tRNA synthetase 2 LysX,NonEssential,H37Rv,-0.203,-2.254,2.935,False,,P9WFU7
Rv3522,ltp4,keto acyl-CoA thiolase Ltp4,NonEssential,H37Rv,0.974,-0.712,3.592,False,,O53567
Rv3523,ltp3,lipid carrier protein or keto acyl-CoA thiolase Ltp3,NonEssential,H37Rv,1.32,-0.663,4.368,False,,I6YGD8
Rv3540c,ltp2,lipid-transfer protein or keto acyl-CoA thiolase Ltp2,NonEssential,H37Rv,0.879,-1.815,4.706,False,,I6Y3T7
Rv2790c,ltp1,lipid-transfer protein Ltp1,NonEssential,H37Rv,0.472,-1.354,3.121,False,,O33332
Rv3291c,lrpA,transcriptional regulator LrpA,NonEssential,H37Rv,0.503,-1.048,2.585,False,,I6YBQ3
Rv0962c,lprP,lipoprotein LprP,NonEssential,H37Rv,0.245,-1.886,3.008,False,,P9WK39
Rv0179c,lprO,lipoprotein LprO,NonEssential,H37Rv,0.922,-0.767,3.897,False,,O07423
Rv3495c,lprN,MCE-family lipoprotein LprN,NonEssential,H37Rv,0.873,-1.694,4.811,False,,I6Y3P1
Rv1970,lprM,MCE-family lipoprotein LprM,NonEssential,H37Rv,0.964,-0.614,3.397,False,,O53971
Rv0593,lprL,MCE-family lipoprotein LprL,NonEssential,H37Rv,1.142,-0.483,3.787,False,,I6Y461
Rv0173,lprK,MCE-family lipoprotein LprK,NonEssential,H37Rv,0.696,-1.245,3.829,False,,O07417
Rv1690,lprJ,lipoprotein LprJ,NonEssential,H37Rv,0.729,-1.2,3.469,False,,O33192
Rv1541c,lprI,lipoprotein LprI,NonEssential,H37Rv,1.334,-0.363,4.007,False,,P9WK41
Rv1418,lprH,lipoprotein LprH,NonEssential,H37Rv,0.63,-0.572,2.68,False,,P9WK43
Rv1411c,lprG,lipoprotein LprG,NonEssential,H37Rv,-1.136,-2.244,0.604,False,,P9WK45
Rv1368,lprF,lipoprotein LprF,NonEssential,H37Rv,1.022,-0.805,3.79,False,,P9WK47
Rv1252c,lprE,lipoprotein LprE,NonEssential,H37Rv,0.85,-0.2,2.604,False,,P9WK49
Rv1275,lprC,lipoprotein LprC,NonEssential,H37Rv,1.075,0.061,2.813,False,,O86337
Rv1274,lprB,lipoprotein LprB,NonEssential,H37Rv,0.575,-2.426,4.384,False,,P9WK53
Rv1270c,lprA,lipoprotein LprA,NonEssential,H37Rv,0.883,-1.317,4.117,False,,P9WK55
Rv1244,lpqZ,lipoprotein LpqZ,NonEssential,H37Rv,0.46,-0.954,2.736,False,,O50459
Rv1235,lpqY,sugar-binding lipoprotein LpqY,NonEssential,H37Rv,1.012,-1.333,4.351,False,,P9WGU9
Rv1064c,lpqV,lipoprotein LpqV,NonEssential,H37Rv,0.364,-0.656,1.896,False,,P9WK57
Rv1022,lpqU,lipoprotein LpqU,NonEssential,H37Rv,1.063,-0.46,3.306,False,,P96378
Rv0847,lpqS,lipoprotein LpqS,NonEssential,H37Rv,-0.073,-1.681,1.822,False,,O53859
Rv0838,lpqR,lipoprotein LpqR,NonEssential,H37Rv,0.629,-2.131,4.435,False,,O53850
Rv0835,lpqQ,lipoprotein LpqQ,NonEssential,H37Rv,1.214,-0.324,3.555,False,,O53846
Rv0671,lpqP,lipoprotein LpqP,NonEssential,H37Rv,1.101,-1.203,4.482,False,,I6XVY0
Rv0604,lpqO,lipoprotein LpqO,NonEssential,H37Rv,1.077,-1.503,4.857,False,,I6X9E2
Rv0583c,lpqN,lipoprotein LpqN,NonEssential,H37Rv,1.153,-0.031,3.223,False,,O53780
Rv0419,lpqM,lipoprotein peptidase LpqM,NonEssential,H37Rv,0.991,-0.485,3.412,False,,P96265
Rv0418,lpqL,lipoprotein aminopeptidase LpqL,NonEssential,H37Rv,1.545,-0.813,5.052,False,,P96264
Rv0399c,lpqK,lipoprotein LpqK,NonEssential,H37Rv,-0.302,-8.524,8.58,False,,P95207
Rv0344c,lpqJ,lipoprotein LpqJ,NonEssential,H37Rv,0.61,-0.487,2.135,False,,O06295
Rv0237,lpqI,lipoprotein LpqI,NonEssential,H37Rv,0.846,-0.487,3.125,False,,L7N6B0
Rv3763,lpqH,lipoprotein LpqH,NonEssential,H37Rv,-0.028,-0.248,0.187,False,,P9WK61
Rv3623,lpqG,lipoprotein LpqG,NonEssential,H37Rv,-0.235,-0.355,-0.111,False,,I6X7X3
Rv3593,lpqF,lipoprotein LpqF,NonEssential,H37Rv,-0.296,-1.358,0.884,False,,O06155
Rv3584,lpqE,lipoprotein LpqE,NonEssential,H37Rv,0.362,-0.668,1.861,False,,P9WK63
Rv3298c,lpqC,esterase lipoprotein LpqC,NonEssential,H37Rv,0.907,-0.598,3.214,False,,P96903
Rv3016,lpqA,lipoprotein LpqA,NonEssential,H37Rv,1.379,-0.325,4.185,False,,I6Y2A3
Rv2999,lppY,lipoprotein LppY,NonEssential,H37Rv,0.748,-0.272,2.304,False,,O53246
Rv2945c,lppX,lipoprotein LPpx,NonEssential,H37Rv,0.871,-0.681,3.317,False,,P9WK65
Rv2905,lppW,alanine rich lipoprotein LppW,NonEssential,H37Rv,1.288,-0.411,4.008,False,,P9WK67
Rv2796c,lppV,lipoprotein LppV,NonEssential,H37Rv,-0.128,-1,0.764,False,,P71655
Rv2784c,lppU,lipoprotein LppU,NonEssential,H37Rv,1.327,-0.244,3.932,False,,I6XFA6
Rv1799,lppT,lipoprotein LppT,NonEssential,H37Rv,Not Present.,Not Present.,Not Present.,Not Present.,Not Present.,O53948
Rv2403c,lppR,lipoprotein LppR,NonEssential,H37Rv,0.766,-1.348,3.718,False,,P71740
Rv2341,lppQ,lipoprotein LppQ,NonEssential,H37Rv,1.102,-0.375,3.457,False,,P95237
Rv2330c,lppP,lipoprotein LppP,NonEssential,H37Rv,0.703,-0.551,2.736,False,,P9WK69
Rv2290,lppO,lipoprotein LppO,NonEssential,H37Rv,0.403,-1.072,2.508,False,,P9WK71
Rv2270,lppN,lipoprotein LppN,NonEssential,H37Rv,0.926,-0.82,3.687,False,,P9WK73
Rv2171,lppM,lipoprotein LppM,NonEssential,H37Rv,1.351,0.074,3.611,False,,O53505
Rv2116,lppK,lipoprotein LppK,NonEssential,H37Rv,0.177,-0.812,1.595,False,,P9WK75
Rv2080,lppJ,lipoprotein LppJ,NonEssential,H37Rv,0.907,-0.463,3.252,False,,P9WK77
Rv2046,lppI,lipoprotein LppI,NonEssential,H37Rv,0.562,-0.708,2.382,False,,O53489
Rv3576,lppH,lipoprotein LppH,NonEssential,H37Rv,1.135,-0.242,3.599,False,,I6YGJ4
Rv1946c,lppG,lipoprotein LppG,NonEssential,H37Rv,1.126,-0.312,3.623,False,,P95268
Rv1921c,lppF,lipoprotein LppF,NonEssential,H37Rv,1.013,-0.417,3.154,False,,O53963
Rv1899c,lppD,lipoprotein LppD,NonEssential,H37Rv,1.024,-0.073,2.789,False,,P9WK29
Rv1911c,lppC,lipoprotein LppC,NonEssential,H37Rv,1.027,-0.444,3.173,False,,P9WFN3
Rv2544,lppB,lipoprotein LppB,NonEssential,H37Rv,0.834,-0.455,3.041,False,,P9WK79
Rv2543,lppA,lipoprotein LppA,NonEssential,H37Rv,1.25,-0.254,3.647,False,,P9WK81
Rv3303c,lpdA,NAD(P)H quinone reductase LpdA,NonEssential,H37Rv,-12.303,-16.999,-7.009,False,,P9WHH7
Rv1872c,lldD2,l-lactate dehydrogenase LldD2,NonEssential,H37Rv,1.697,-0.752,5.138,False,,P9WND5
Rv0694,lldD1,l-lactate dehydrogenase LldD1,NonEssential,H37Rv,1.23,-1.017,4.589,False,,P9WND7
Rv1169c,lipX,PE family protein lipase LipX,NonEssential,H37Rv,0.806,-0.762,3.104,False,,Q79FR5
Rv0217c,lipW,esterase LipW,NonEssential,H37Rv,0.927,-1.238,4.195,False,,P96399
Rv3203,lipV,lipase LipV,NonEssential,H37Rv,0.738,-0.692,2.796,False,,L0TC47
Rv1076,lipU,lipase LipU,NonEssential,H37Rv,0.872,-1.622,4.325,False,,O53424
Rv2045c,lipT,carboxylesterase LipT,NonEssential,H37Rv,1.064,-0.973,3.873,False,,O53488
Rv3084,lipR,acetyl-hydrolase/esterase LipR,NonEssential,H37Rv,0.907,-0.631,3.678,False,,P9WK85
Rv2485c,lipQ,carboxylesterase LipQ,NonEssential,H37Rv,0.688,-1.932,4.501,False,,I6Y9F7
Rv2463,lipP,esterase/lipase LipP,NonEssential,H37Rv,1.124,-0.154,3.291,False,,O53190
Rv1426c,lipO,esterase LipO,NonEssential,H37Rv,1.498,-0.547,5.073,False,,O06832
Rv2970c,lipN,lipase/esterase LipN,NonEssential,H37Rv,1.369,-0.449,4.461,False,,P95125
Rv2284,lipM,esterase LipM,NonEssential,H37Rv,1.365,-0.158,4.036,False,,Q50681
Rv1497,lipL,esterase LipL,NonEssential,H37Rv,1.491,-0.483,4.91,False,,P71778
Rv1900c,lipJ,lignin peroxidase LipJ,NonEssential,H37Rv,0.963,-0.377,3.094,False,,O07732
Rv1400c,lipI,lipase LipH,NonEssential,H37Rv,0.66,-3.066,5.305,False,,P71668
Rv3775,lipE,lipase LipE,NonEssential,H37Rv,0.959,-0.659,3.589,False,,P72041
Rv0220,lipC,esterase LipC,NonEssential,H37Rv,0.439,-2.789,4.563,False,,P96402
Rv0938,ligD,ATP dependent DNA ligase LigD,NonEssential,H37Rv,1.248,-0.429,3.972,False,,P9WNV3
Rv3731,ligC,ATP-dependent DNA ligase LigC,NonEssential,H37Rv,1.158,-0.282,3.739,False,,L0TDE1
Rv3062,ligB,ATP-dependent DNA ligase LigB,NonEssential,H37Rv,1.023,-0.324,3.465,False,,P9WNV5
Rv3296,lhr,ATP-dependent helicase Lhr,NonEssential,H37Rv,1.378,-0.43,4.317,False,,P96901
Rv2404c,lepA,GTP-binding protein LepA,NonEssential,H37Rv,0.044,-3.933,4.88,False,,P9WK97
Rv2518c,ldtB,"l,d-transpeptidase LdtB",NonEssential,H37Rv,-2.936,-5.333,0.723,False,,I6Y9J2
Rv0116c,ldtA,"l,d-transpeptidase LdtA",NonEssential,H37Rv,0.774,-0.265,2.366,False,,O53638
Rv3574,kstR,transcriptional regulator KstR,NonEssential,H37Rv,-0.433,-1.735,1.128,False,,P96856
Rv3537,kstD,3-oxosteroid 1-dehydrogenase,NonEssential,H37Rv,0.983,-0.477,3.498,False,,P71864
Rv3571,kshB,3-ketosteroid-9-alpha-hydroxylase reductase subunit KshB,NonEssential,H37Rv,1.112,-0.467,3.768,False,,P9WJ93
Rv3526,kshA,3-ketosteroid-9-alpha-hydroxylase oxygenase component KshA,NonEssential,H37Rv,1.416,-0.271,4.461,False,,P71875
Rv1010,ksgA,ribosomal RNA small subunit methyltransferase A,NonEssential,H37Rv,-2.047,-6.279,3.431,False,,P9WH07
Rv0827c,kmtR,ArsR family transcriptional regulator KmtR,NonEssential,H37Rv,0.376,-0.625,2.045,False,,O53838
Rv3476c,kgtP,"MFS transporter, MHS family, alpha-ketoglutarate permease",NonEssential,H37Rv,0.983,-1.571,4.431,False,,I6XHB8
Rv2965c,kdtB,phosphopantetheine adenylyltransferase KdtB,NonEssential,H37Rv,-9.367,-13.652,-3.987,False,,P9WPA5
Rv1028A,kdpF,potassium-transporting membrane protein KdpF,NonEssential,H37Rv,0.689,-1.852,3.419,False,,Q79FT7
Rv1027c,kdpE,potassium-transporting transcriptional regulator KdpE,NonEssential,H37Rv,0.964,-1.267,4.116,False,,P9WGN1
Rv1028c,kdpD,potassium channel sensor histidine kinase KdpD,NonEssential,H37Rv,1.103,-0.334,3.529,False,,P9WGL3
Rv1031,kdpC,potassium-transporting P-type ATPase C chain KdpC,NonEssential,H37Rv,0.606,-2.127,4.49,False,,P9WKF1
Rv1030,kdpB,potassium-transporting P-type ATPase B chain KdpB,NonEssential,H37Rv,1.434,-0.407,3.366,False,,P9WPU3
Rv1029,kdpA,potassium-transporting P-type ATPase A chain KdpA,NonEssential,H37Rv,1.253,-1.316,4.397,False,,P9WKF3
Rv1908c,katG,catalase-peroxidase-peroxynitritase T KatG,NonEssential,H37Rv,0.963,-0.514,3.634,False,,P9WIE5
Rv2246,kasB,3-oxoacyl-[acyl-carrier-protein] synthase 2 KasB,NonEssential,H37Rv,-7.491,-14.941,1.758,False,,P9WQD7
Rv3393,iunH,nucleoside hydrolase LunH,NonEssential,H37Rv,1.022,-0.409,3.507,False,,O50418
Rv0343,iniC,isoniazid inducible protein IniC,NonEssential,H37Rv,1.191,-0.631,3.92,False,,P9WJ95
Rv0341,iniB,isoniazid inducible protein IniB,NonEssential,H37Rv,0.808,-0.429,2.809,False,,P9WJ97
Rv0342,iniA,isoniazid inducible protein IniA,NonEssential,H37Rv,0.876,-0.54,3.225,False,,P9WJ99
Rv1604,impA,inositol-1-monophosphatase ImpA,NonEssential,H37Rv,-7.499,-13.256,-0.789,False,,O53907
Rv3509c,ilvX,acetohydroxyacid synthase IlvX,NonEssential,H37Rv,0.36,-3.039,4.488,False,,O53554
Rv3002c,ilvN,acetolactate synthase small subunit IlvN,NonEssential,H37Rv,-8.011,-15.213,-0.289,False,,P9WKJ3
Rv1820,ilvG,acetolactate synthase IlvG,NonEssential,H37Rv,0.567,-1.783,3.837,False,,P9WG39
Rv3470c,ilvB2,acetolactate synthase large subunit IlvB2,NonEssential,H37Rv,0.417,-1.97,3.828,False,,O06335
Rv3383c,idsB,polyprenyl synthetase IdsB,NonEssential,H37Rv,0.708,-1.8,3.87,False,,O50410
Rv2173,idsA2,geranylgeranyl pyrophosphate synthetase IdsA2,NonEssential,H37Rv,-1.9,-4.653,1.554,False,,O53507
Rv3398c,idsA1,"e,e-farnesyl diphosphate synthase",NonEssential,H37Rv,0.966,-0.42,3.51,False,,P9WKH1
Rv1745c,idi,isopentenyl-diphosphate delta-isomerase Idi,NonEssential,H37Rv,-1.081,-2.889,1.5,False,,P9WKK5
Rv0066c,icd2,isocitrate dehydrogenase Icd2,NonEssential,H37Rv,0.403,-2.332,4.046,False,,O53611
Rv3339c,icd1,isocitrate dehydrogenase Icd1,NonEssential,H37Rv,0.58,-2.338,4.216,False,,P9WKL1
Rv0086,hycQ,hydrogenase HycQ,NonEssential,H37Rv,0.884,-1.31,3.238,False,,Q10883
Rv0085,hycP,hydrogenase HycP,NonEssential,H37Rv,0.62,-4.423,6.325,False,,P9WM75
Rv0087,hycE,formate hydrogenase HycE,NonEssential,H37Rv,0.853,-2.458,4.903,False,,Q10884
Rv0084,hycD,formate hydrogenlyase HycD,NonEssential,H37Rv,-1.702,-7.226,5.126,False,,Q10881
Rv0563,htpX,protease transmembrane protein heat shock protein HtpX,NonEssential,H37Rv,0.481,-1.963,4.368,False,,P9WHS5
Rv2299c,htpG,chaperone HtpG,NonEssential,H37Rv,0.882,-1.19,4.266,False,,P9WMJ7
Rv0130,htdZ,3-hydroxyl-thioester dehydratase,NonEssential,H37Rv,0.227,-1.028,1.935,False,,P9WNP3
Rv3389c,htdY,3-hydroxyacyl-thioester dehydratase HtdY,NonEssential,H37Rv,0.898,-1.792,4.946,False,,I6YBZ8
Rv0241c,htdX,3-hydroxyacyl-thioester dehydratase HtdX,NonEssential,H37Rv,0.292,-1.626,3.285,False,,O53664
Rv2031c,hspX,heat shock protein HspX,NonEssential,H37Rv,1.924,-1.083,6.592,False,,P9WMK1
Rv0353,hspR,heat shock protein transcriptional repressor HspR,NonEssential,H37Rv,0.037,-1.464,2.085,False,,O06302
Rv0251c,hsp,heat shock protein Hsp,NonEssential,H37Rv,1.1,-0.367,3.6,False,,O53673
Rv2755c,hsdS.1,type I restriction/modification system specificity determinant HsdS.1,NonEssential,H37Rv,0.774,-0.229,2.455,False,,I6XF84
Rv2761c,hsdS,type I restriction/modification system specificity determinant HsdS,NonEssential,H37Rv,1.25,-0.399,4.114,False,,I6YEB1
Rv2756c,hsdM,type I restriction/modification system DNA methylase HsdM,NonEssential,H37Rv,0.988,-1.327,4.599,False,,O33298
Rv3535c,hsaG,acetaldehyde dehydrogenase,NonEssential,H37Rv,0.555,-0.705,2.251,False,,P9WQH3
Rv3534c,hsaF,4-hydroxy-2-oxovalerate aldolase,NonEssential,H37Rv,0.718,-2.974,5.236,False,,P9WMK5
Rv3536c,hsaE,2-keto-4-pentenoate hydratase,NonEssential,H37Rv,0.814,-0.137,2.287,False,,I6XHH5
Rv3569c,hsaD,"4,5-9,10-diseco-3-hydroxy-5,9,17-trioxoandrosta-1(10),2-diene-4-oate hydrolase HsaD",NonEssential,H37Rv,0.643,-2.682,5.204,False,,P9WNH5
Rv3568c,hsaC,"3,4-DHSA dioxygenase HsaC",NonEssential,H37Rv,0.932,-2.903,5.863,False,,P9WNW7
Rv3567c,hsaB,oxidoreductase,NonEssential,H37Rv,0.723,-2.69,5.731,False,,P9WND9
Rv3570c,hsaA,oxidoreductase,NonEssential,H37Rv,0.855,-2.534,5.074,False,,P9WJA1
Rv2626c,hrp1,hypoxic response protein 1 Hrp1,NonEssential,H37Rv,0.653,-0.489,2.507,False,,P9WJA3
Rv2374c,hrcA,heat shock protein transcriptional repressor HrcA,NonEssential,H37Rv,-4.248,-6.644,-1.171,False,,P9WMK3
Rv3171c,hpx,non-heme haloperoxidase Hpx,NonEssential,H37Rv,-1.15,-7.795,5.747,False,,O53321
Rv3852,hns,histone-like protein Hns,NonEssential,H37Rv,-0.033,-0.968,1.365,False,,I6YHB0
Rv3772,hisC2,histidinol-phosphate aminotransferase HisC2,NonEssential,H37Rv,1.119,-1.132,4.441,False,,P9WML5
Rv2725c,hflX,GTP-binding protein HflX,NonEssential,H37Rv,0.629,-0.66,2.821,False,,O33230
Rv2388c,hemN,oxygen-independent coproporphyrinogen III oxidase HemN,NonEssential,H37Rv,0.94,-0.453,3.368,False,,P9WP73
Rv2101,helZ,helicase HelZ,NonEssential,H37Rv,1.183,-0.815,4.066,False,,I6YCF3
Rv2092c,helY,ATP dependent DNA helicase HelY,NonEssential,H37Rv,1.231,-0.358,3.993,False,,P9WMR1
Rv0115,hddA,d-alpha-d-heptose-7-phosphate kinase HddA,NonEssential,H37Rv,0.467,-1.412,3.475,False,,O53637
Rv0637,hadC,(3R)-hydroxyacyl-ACP dehydratase subunit HadC,NonEssential,H37Rv,-3.635,-7.477,1.305,False,,P9WFJ9
Rv3078,hab,hydroxylaminobenzene mutase Hab,NonEssential,H37Rv,1.251,-1.221,4.43,False,,I6Y2H3
Rv3704c,gshA,cysteine ligase GshA,NonEssential,H37Rv,-0.132,-4.482,4.851,False,,P9WPK7
Rv3417c,groEL1,chaperonin 1 GroEL1,NonEssential,H37Rv,1.456,-0.281,4.245,False,,P9WPE9
Rv1080c,greA,transcription elongation factor GreA,NonEssential,H37Rv,0.326,-1.901,3.735,False,,P9WMT9
Rv0989c,grcC2,polyprenyl-diphosphate synthase GrcC2,NonEssential,H37Rv,-2.66,-4.145,-0.472,False,,O05572
Rv3214,gpm2,phosphoglycerate mutase Gpm2,NonEssential,H37Rv,-2.889,-8.092,3.281,False,,Q6MWZ7
Rv0489,gpm1,phosphoglycerate mutase Gpm1,NonEssential,H37Rv,-5.695,-13.677,3.851,False,,P9WIC9
Rv2419c,gpgP,glucosyl-3-phosphoglycerate phosphatase GpgP,NonEssential,H37Rv,-0.11,-1.674,1.946,False,,P9WIC7
Rv2982c,gpdA2,glycerol-3-phosphate dehydrogenase GpdA2,NonEssential,H37Rv,0.121,-0.733,1.22,False,,P9WN77
Rv0564c,gpdA1,glycerol-3-phosphate dehydrogenase GpdA1,NonEssential,H37Rv,1.1,-0.36,3.48,False,,P9WN75
Rv0114,gmhB,"d-alpha,beta-d-heptose-1,7-biphosphate phosphatase GmhB",NonEssential,H37Rv,0.057,-1.202,1.507,False,,P9WMV3
Rv0113,gmhA,sedoheptulose-7-phosphate isomerase GmhA,NonEssential,H37Rv,-0.283,-4.921,5.174,False,,P9WGG1
Rv1511,gmdA,GDP-D-mannose dehydratase GmdA,NonEssential,H37Rv,0.222,-2.475,3.946,False,,P71790
Rv0070c,glyA2,serine hydroxymethyltransferase GlyA2,NonEssential,H37Rv,1.577,-0.397,4.864,False,,P9WGI7
Rv1099c,glpX,"fructose 1,6-bisphosphatase GlpX",NonEssential,H37Rv,-8.934,-13.396,-2.5,False,,P9WN21
Rv0317c,glpQ2,glycerophosphoryl diester phosphodiesterase GlpQ2,NonEssential,H37Rv,1.267,-0.877,4.738,False,,O07244
Rv3696c,glpK,glycerol kinase GlpK,NonEssential,H37Rv,-4.285,-7.076,-0.796,False,,P9WPK1
Rv2249c,glpD1,glycerol-3-phosphate dehydrogenase GlpD1,NonEssential,H37Rv,1.125,-0.56,3.79,False,,P9WN81
Rv2564,glnQ,glutamine-transport ABC transporter ATP-binding protein GlnQ,NonEssential,H37Rv,1.434,-0.091,3.801,False,,P9WQI5
Rv0411c,glnH,glutamine-binding lipoprotein GlnH,NonEssential,H37Rv,-2.188,-3.172,-1.108,False,,P96257
Rv2918c,glnD,[protein-PII] uridylyltransferase GlnD,NonEssential,H37Rv,1.096,-1.008,4.232,False,,P9WN29
Rv2919c,glnB,nitrogen regulatory protein P-II GlnB,NonEssential,H37Rv,-0.689,-2.024,0.802,False,,P9WN31
Rv2860c,glnA4,glutamine synthetase GlnA4,NonEssential,H37Rv,0.991,-1.552,4.318,False,,I6X5K1
Rv1878,glnA3,glutamine synthetase GlnA3,NonEssential,H37Rv,1.095,-0.472,3.753,False,,O07752
Rv2222c,glnA2,glutamine synthetase GlnA2,NonEssential,H37Rv,0.421,-1.761,3.812,False,,P9WN37
Rv1328,glgP,glycogen phosphorylase GlgP,NonEssential,H37Rv,0.538,-1.648,3.747,False,,P9WMW1
Rv1213,glgC,glucose-1-phosphate adenylyltransferase GlgC,NonEssential,H37Rv,1.773,0.204,4.294,False,,P9WN43
Rv1212c,glgA,glycosyltransferase GlgA,NonEssential,H37Rv,0.285,-2.172,3.198,False,,P9WMZ1
Rv2470,glbO,globin GlbO,NonEssential,H37Rv,0.437,-1.134,3.006,False,,P9WN23
Rv1542c,glbN,hemoglobin GlbN,NonEssential,H37Rv,0.448,-0.373,1.647,False,,P9WN25
Rv3919c,gid,glucose-inhibited division protein B Gid,NonEssential,H37Rv,-2.815,-8.092,3.142,False,,P9WGW9
Rv2394,ggtB,gamma-glutamyltranspeptidase GgtB,NonEssential,H37Rv,1.48,0.002,4.135,False,,P71750
Rv0773c,ggtA,bifunctional acylase GgtA,NonEssential,H37Rv,1.133,-0.322,3.564,False,,I6X9S5
Rv2476c,gdh,NAD-dependent glutamate dehydrogenase Gdh,NonEssential,H37Rv,0.414,-1.548,3.168,False,,O53203
Rv3419c,gcp,O-sialoglycoprotein endopeptidase Gcp,NonEssential,H37Rv,-1.917,-3.779,1.192,False,,P9WHT7
Rv0112,gca,"GDP-mannose 4,6-dehydratase Gca",NonEssential,H37Rv,0.902,-1.264,4.082,False,,O53634
Rv0619,galTb,galactose-1-phosphate uridylyltransferase GalTb,NonEssential,H37Rv,-0.556,-1.99,0.875,False,,Q79FY3
Rv0618,galTa,galactose-1-phosphate uridylyltransferase GalTa,NonEssential,H37Rv,0.453,-1.523,3.252,False,,Q79FY4
Rv0620,galK,galactokinase GalK,NonEssential,H37Rv,-0.107,-3.988,3.964,False,,P9WN63
Rv0536,galE3,UDP-glucose 4-epimerase GalE3,NonEssential,H37Rv,0.956,-0.145,2.877,False,,L7N670
Rv0501,galE2,UDP-glucose 4-epimerase GalE2,NonEssential,H37Rv,0.658,-0.802,3.135,False,,P9WKT3
Rv2589,gabT,4-aminobutyrate aminotransferase GabT,NonEssential,H37Rv,1.075,-0.336,3.358,False,,P9WQ79
Rv0522,gabP,GABA permease GabP,NonEssential,H37Rv,0.542,-2.028,4.528,False,,L7N6B9
Rv1731,gabD2,succinate-semialdehyde dehydrogenase GabD2,NonEssential,H37Rv,0.981,-1.418,4.672,False,,P9WNX7
Rv0234c,gabD1,succinate-semialdehyde dehydrogenase [NADP] dependent GabD1,NonEssential,H37Rv,0.808,-0.636,3.406,False,,P9WNX9
Rv0120c,fusA2,elongation factor G FusA2,NonEssential,H37Rv,0.774,-0.716,3.477,False,,P9WNM9
Rv1909c,furA,ferric uptake regulation protein FurA,NonEssential,H37Rv,0.905,-0.191,2.687,False,,P9WN87
Rv0727c,fucA,l-fuculose phosphate aldolase FucA,NonEssential,H37Rv,0.8,-0.345,2.496,False,,P95075
Rv3101c,ftsX,cell division protein FtsX,NonEssential,H37Rv,-6.954,-13.308,0.804,False,,P9WG19
Rv3610c,ftsH,ATP-dependent zinc metalloprotease FtsH,NonEssential,H37Rv,-11.624,-17.042,-4.978,False,,P9WQN3
Rv3102c,ftsE,cell division ATP-binding protein FtsE,NonEssential,H37Rv,-7.524,-11.596,-2.727,False,,O05779
Rv1555,frdD,fumarate reductase FrdD,NonEssential,H37Rv,0.945,-1.331,4.472,False,,P9WNB5
Rv1554,frdC,fumarate reductase FrdC,NonEssential,H37Rv,0.581,-1.642,3.843,False,,P9WNB7
Rv1553,frdB,fumarate reductase FrdB,NonEssential,H37Rv,1.393,-0.364,4.087,False,,P9WN89
Rv1552,frdA,fumarate reductase FrdA,NonEssential,H37Rv,0.984,-0.889,4.033,False,,P9WN91
Rv0886,fprB,NADPH:adrenodoxin oxidoreductase FprB,NonEssential,H37Rv,0.902,-1.087,3.978,False,,P9WJI1
Rv3106,fprA,NADPH:adrenodoxin oxidoreductase FprA,NonEssential,H37Rv,1.962,-1.24,6.5,False,,P9WIQ3
Rv2924c,fpg,formamidopyrimidine-DNA glycosylase Fpg,NonEssential,H37Rv,0.541,-1.141,3.063,False,,P9WNC3
Rv1207,folP2,dihydropteroate synthase 2 FolP2,NonEssential,H37Rv,0.721,-0.654,2.868,False,,P9WNC9
Rv1407,fmu,protein Fmu,NonEssential,H37Rv,0.29,-1.022,2.265,False,,P9WGX3
Rv3641c,fic,cell filamentation protein Fic,NonEssential,H37Rv,1.019,-1.484,4.401,False,,I6YCN3
Rv0019c,fhaB,FHA domain-containing protein FhaB,NonEssential,H37Rv,-7.669,-14.029,-0.761,False,,P9WJB5
Rv0132c,fgd2,F420-dependent glucose-6-phosphate dehydrogenase Fgd2,NonEssential,H37Rv,1.526,-0.367,4.743,False,,P96809
Rv0407,fgd1,F420-dependent glucose-6-phosphate dehydrogenase Fgd1,NonEssential,H37Rv,-1.207,-6.477,5.327,False,,P9WNE1
Rv3044,fecB,Fe(III)-dicitrate-binding periplasmic lipoprotein FecB,NonEssential,H37Rv,-1.498,-3.661,1.426,False,,O53291
Rv3503c,fdxD,ferredoxin FdxD,NonEssential,H37Rv,0.198,-1.911,2.124,False,,I6X7H4
Rv3554,fdxB,oxidoreductase FdxB,NonEssential,H37Rv,1.41,-0.304,4.181,False,,P71846
Rv2007c,fdxA,ferredoxin FdxA,NonEssential,H37Rv,0.494,-1.34,2.785,False,,P9WNE7
Rv2900c,fdhF,formate dehydrogenase H FdhF,NonEssential,H37Rv,1.254,-0.983,4.712,False,,P9WJP9
Rv2899c,fdhD,formate dehydrogenase accessory protein FdhD,NonEssential,H37Rv,-0.318,-4.529,4.817,False,,P9WNF1
Rv0098,fcoT,fatty-acyl-CoA thioesterase type III FcoT,NonEssential,H37Rv,0.868,-1.095,3.735,False,,P9WM67
Rv3803c,fbpD,secreted MPT51/MPB51 antigen protein FbpD,NonEssential,H37Rv,1.166,-0.725,4.399,False,,P9WQN7
Rv0129c,fbpC,6-O-acylglucoside esterase/glucoside 6-O-acyltransferase FbpC,NonEssential,H37Rv,1.097,-0.636,3.98,False,,P9WQN9
Rv3804c,fbpA,secreted antigen 85-A FbpA,NonEssential,H37Rv,-0.824,-3.849,3.506,False,,P9WQP3
Rv1173,fbiC,F420 biosynthesis protein FbiC,NonEssential,H37Rv,0.962,-0.846,3.764,False,,P9WP77
Rv3262,fbiB,F420 biosynthesis protein FbiB,NonEssential,H37Rv,0.352,-1.018,2.478,False,,P9WP79
Rv3261,fbiA,F420 biosynthesis protein FbiA,NonEssential,H37Rv,0.515,-1.121,3.228,False,,P9WP81
Rv0855,far,fatty-acid-CoA racemase Far,NonEssential,H37Rv,0.933,-0.652,3.754,False,,I6Y8Y0
Rv1175c,fadH,"NADPH dependent 2,4-dienoyl-CoA reductase FadH",NonEssential,H37Rv,1.381,-0.059,3.914,False,,O50431
Rv0752c,fadE9,acyl-CoA dehydrogenase FadE9,NonEssential,H37Rv,0.668,-1.158,3.546,False,,I6Y4R2
Rv0672,fadE8,acyl-CoA dehydrogenase FadE8,NonEssential,H37Rv,1.235,-0.969,4.708,False,,I6X9J0
Rv0400c,fadE7,acyl-CoA dehydrogenase FadE7,NonEssential,H37Rv,0.473,-0.664,2.277,False,,P95208
Rv0271c,fadE6,acyl-CoA dehydrogenase FadE6,NonEssential,H37Rv,1.296,-0.363,4.088,False,,P95228
Rv0244c,fadE5,acyl-CoA dehydrogenase FadE5,NonEssential,H37Rv,0.492,-1.988,4.487,False,,O53666
Rv3761c,fadE36,acyl-CoA dehydrogenase FadE36,NonEssential,H37Rv,1.193,-1.119,4.736,False,,O69727
Rv3797,fadE35,acyl-CoA dehydrogenase FadE35,NonEssential,H37Rv,0.862,-2.406,5.293,False,,O53577
Rv3573c,fadE34,acyl-CoA dehydrogenase FadE34,NonEssential,H37Rv,1.037,-1.711,4.83,False,,P96855
Rv3564,fadE33,acyl-CoA dehydrogenase FadE33,NonEssential,H37Rv,1.042,-0.509,3.539,False,,I6YCF5
Rv3563,fadE32,acyl-CoA dehydrogenase FadE32,NonEssential,H37Rv,0.59,-0.785,2.633,False,,P96845
Rv3562,fadE31,acyl-CoA dehydrogenase FadE31,NonEssential,H37Rv,1.482,-0.036,4.196,False,,I6YGH7
Rv3560c,fadE30,acyl-CoA dehydrogenase FadE30,NonEssential,H37Rv,1.018,-1.337,4.295,False,,I6Y3V5
Rv0215c,fadE3,acyl-CoA dehydrogenase FadE3,NonEssential,H37Rv,0.193,-0.597,1.4,False,,P96397
Rv3543c,fadE29,acyl-CoA dehydrogenase FadE29,NonEssential,H37Rv,1.276,-0.649,4.225,False,,P71858
Rv3544c,fadE28,acyl-CoA dehydrogenase FadE28,NonEssential,H37Rv,-0.015,-4.423,4.811,False,,P71857
Rv3505,fadE27,acyl-CoA dehydrogenase FadE27,NonEssential,H37Rv,0.852,-0.801,3.744,False,,I6Y3Q0
Rv3504,fadE26,acyl-CoA dehydrogenase FadE26,NonEssential,H37Rv,0.85,-0.453,3.19,False,,I6YCA3
Rv3274c,fadE25,acyl-CoA dehydrogenase FadE25,NonEssential,H37Rv,0.313,-2.228,4.056,False,,P9WQG1
Rv3139,fadE24,acyl-CoA dehydrogenase FadE24,NonEssential,H37Rv,-1.103,-2.633,1.268,False,,P95187
Rv3140,fadE23,acyl-CoA dehydrogenase FadE23,NonEssential,H37Rv,-0.649,-2.163,1.861,False,,P95186
Rv3061c,fadE22,acyl-CoA dehydrogenase FadE22,NonEssential,H37Rv,1.101,-0.682,4.055,False,,I6X654
Rv2789c,fadE21,acyl-CoA dehydrogenase FadE21,NonEssential,H37Rv,1.007,-0.399,3.497,False,,I6XFA9
Rv2724c,fadE20,acyl-CoA dehydrogenase FadE20,NonEssential,H37Rv,0.856,-2.408,5.849,False,,O33229
Rv0154c,fadE2,acyl-CoA dehydrogenase FadE2,NonEssential,H37Rv,0.323,-1.592,3.303,False,,P96831
Rv2500c,fadE19,acyl-CoA dehydrogenase FadE19,NonEssential,H37Rv,0.668,-1.587,3.906,False,,I6Y0W5
Rv1933c,fadE18,acyl-CoA dehydrogenase FadE18,NonEssential,H37Rv,1.397,-0.388,4.464,False,,P95281
Rv1934c,fadE17,acyl-CoA dehydrogenase FadE17,NonEssential,H37Rv,1.148,-0.514,3.723,False,,P95280
Rv1679,fadE16,acyl-CoA dehydrogenase FadE16,NonEssential,H37Rv,0.931,-1.388,4.68,False,,O53926
Rv1467c,fadE15,acyl-CoA dehydrogenase FadE15,NonEssential,H37Rv,1.244,-0.278,4.055,False,,O53158
Rv0975c,fadE13,acyl-CoA dehydrogenase FadE13,NonEssential,H37Rv,-1.182,-9.379,7.679,False,,O86319
Rv0972c,fadE12,acyl-CoA dehydrogenase FadE12,NonEssential,H37Rv,1.008,-0.404,3.24,False,,P9WQG3
Rv0873,fadE10,acyl-CoA dehydrogenase FadE10,NonEssential,H37Rv,0.951,-1.37,4.466,False,,P9WQF7
Rv0131c,fadE1,acyl-CoA dehydrogenase FadE1,NonEssential,H37Rv,1.107,-0.364,3.52,False,,P96808
Rv2590,fadD9,fatty-acid-CoA ligase FadD9,NonEssential,H37Rv,1.537,-0.098,4.577,False,,Q50631
Rv0551c,fadD8,fatty-acid-CoA ligase FadD8,NonEssential,H37Rv,1.141,-0.587,4.11,False,,O06417
Rv0119,fadD7,fatty-acid-CoA ligase FadD7,NonEssential,H37Rv,0.624,-1.529,3.79,False,,O07169
Rv1206,fadD6,fatty-acid-CoA ligase FadD6,NonEssential,H37Rv,0.731,-1.529,4.053,False,,O05307
Rv0166,fadD5,fatty-acid-CoA ligase FadD5,NonEssential,H37Rv,0.503,-2.563,4.766,False,,O07411
Rv0214,fadD4,fatty-acid-CoA ligase FadD4,NonEssential,H37Rv,-0.161,-4.106,5.11,False,,P96396
Rv1193,fadD36,fatty-acid-CoA ligase FadD36,NonEssential,H37Rv,0.179,-1.076,2.064,False,,O05295
Rv2505c,fadD35,fatty-acid-CoA ligase FadD35,NonEssential,H37Rv,0.932,-0.563,3.285,False,,I6Y0X0
Rv0035,fadD34,fatty-acid-CoA ligase FadD34,NonEssential,H37Rv,0.534,-2.842,5.108,False,,L7N699
Rv0404,fadD30,fatty-acid-AMP ligase FadD30,NonEssential,H37Rv,0.378,-3.486,5.342,False,,P9WQ57
Rv3561,fadD3,fatty-acid-CoA ligase FadD3,NonEssential,H37Rv,1.175,-0.437,3.945,False,,P96843
Rv2950c,fadD29,fatty-acid-AMP ligase FadD29,NonEssential,H37Rv,0.89,-1.223,3.85,False,,P95141
Rv2941,fadD28,fatty-acid-AMP ligase FadD28,NonEssential,H37Rv,0.856,-0.859,3.633,False,,P9WQ59
Rv2930,fadD26,fatty-acid-AMP ligase FadD26,NonEssential,H37Rv,1.61,-0.164,4.812,False,,P9WQ43
Rv1521,fadD25,fatty-acid-AMP ligase FadD25,NonEssential,H37Rv,1.828,-0.41,5.375,False,,P9WQ45
Rv1529,fadD24,fatty-acid-AMP ligase FadD24,NonEssential,H37Rv,0.63,-1.507,3.716,False,,O53903
Rv3826,fadD23,fatty-acid-AMP ligase FadD23,NonEssential,H37Rv,2.117,0.107,5.434,False,,P9WQ47
Rv2948c,fadD22,p-hydroxybenzoyl-AMP ligase FadD22,NonEssential,H37Rv,1.304,-0.525,3.972,False,,P9WQ61
Rv1185c,fadD21,fatty-acid-AMP ligase FadD21,NonEssential,H37Rv,1.707,0.198,4.232,False,,P9WQ49
Rv0270,fadD2,fatty-acid-CoA ligase FadD2,NonEssential,H37Rv,0.591,-1.143,3.523,False,,P95227
Rv3515c,fadD19,fatty-acid-CoA ligase FadD19,NonEssential,H37Rv,1.04,-1.382,4.412,False,,P9WQ51
Rv3506,fadD17,fatty-acid-CoA synthetase FadD17,NonEssential,H37Rv,1.414,-0.361,4.587,False,,O53551
Rv0852,fadD16,fatty-acid-CoA ligase FadD16,NonEssential,H37Rv,1.13,-1.089,4.396,False,,I6Y4Z4
Rv2187,fadD15,long-chain-fatty-acid-CoA ligase FadD15,NonEssential,H37Rv,1.377,-0.686,4.838,False,,O53521
Rv1058,fadD14,fatty-acid-CoA ligase FadD14,NonEssential,H37Rv,1.308,-0.761,4.594,False,,O53406
Rv3089,fadD13,chain-fatty-acid-CoA ligase FadD13,NonEssential,H37Rv,1.293,-0.07,3.632,False,,P9WQ37
Rv1427c,fadD12,long-chain-fatty-acid-CoA ligase FadD12,NonEssential,H37Rv,1.319,-0.317,4.353,False,,O06831
Rv1549,fadD11.1,fatty-acid-CoA ligase,NonEssential,H37Rv,0.631,-0.227,1.959,False,,P9WLU5
Rv1550,fadD11,fatty-acid-CoA ligase FadD11,NonEssential,H37Rv,1.225,-0.704,4.472,False,,P9WQ53
Rv0099,fadD10,fatty-acid-CoA ligase FadD10,NonEssential,H37Rv,1.037,-1.094,4.282,False,,P9WQ55
Rv1750c,fadD1,fatty-acid-CoA ligase FadD1,NonEssential,H37Rv,1.251,-0.298,4.049,False,,P72007
Rv1912c,fadB5,oxidoreductase,NonEssential,H37Rv,0.868,-0.365,2.89,False,,O07721
Rv3141,fadB4,NADPH quinone oxidoreductase FadB4,NonEssential,H37Rv,1.222,-0.042,3.436,False,,P95185
Rv1715,fadB3,3-hydroxybutyryl-CoA dehydrogenase FadB3,NonEssential,H37Rv,0.305,-1.195,2.416,False,,L7N688
Rv0468,fadB2,3-hydroxybutyryl-CoA dehydrogenase FadB,NonEssential,H37Rv,-1.203,-8.679,6.809,False,,P9WNP7
Rv0860,fadB,fatty oxidation protein FadB,NonEssential,H37Rv,0.224,-1.817,3.384,False,,O53872
Rv3556c,fadA6,acetyl-CoA acetyltransferase FadA6,NonEssential,H37Rv,0.635,-0.945,3.151,False,,I6XHJ3
Rv3546,fadA5,acetyl-CoA acetyltransferase FadA5,NonEssential,H37Rv,0.373,-0.249,1.328,False,,I6XHI4
Rv1323,fadA4,acetyl-CoA acetyltransferase FadA4,NonEssential,H37Rv,0.87,-0.349,2.733,False,,P9WG69
Rv0243,fadA2,acetyl-CoA acyltransferase FadA2,NonEssential,H37Rv,0.717,-0.374,2.42,False,,O86361
Rv0859,fadA,acyl-CoA thiolase FadA,NonEssential,H37Rv,0.756,-0.995,3.648,False,,O53871
Rv0533c,fabH,3-oxoacyl-[acyl-carrier-protein] synthase 3 FabH,NonEssential,H37Rv,1.099,-0.318,3.518,False,,P9WNG3
Rv0242c,fabG4,3-oxoacyl-[acyl-carrier protein] reductase FabG4,NonEssential,H37Rv,0.29,-4.137,5.855,False,,I6Y778
Rv2002,fabG3,3-alpha-(or 20-beta)-hydroxysteroid dehydrogenase FabG3,NonEssential,H37Rv,1.543,-0.392,4.593,False,,P9WGT1
Rv1350,fabG2,3-oxoacyl-[acyl-carrier protein] reductase FabG2,NonEssential,H37Rv,0.646,-0.909,3.321,False,,P9WGR9
Rv0649,fabD2,malonyl CoA-acyl carrier protein transacylase FabD2,NonEssential,H37Rv,0.616,-0.94,3.006,False,,Q79FX5
Rv3855,ethR,transcriptional repressor EthR,NonEssential,H37Rv,1.035,-0.944,4.314,False,,P9WMC1
Rv3854c,ethA,monooxygenase EthA,NonEssential,H37Rv,0.349,-2.141,3.818,False,,P9WNF9
Rv3620c,esxW,ESAT-6 like protein EsxW,NonEssential,H37Rv,0.134,-6.378,7.026,False,,P9WNI3
Rv3619c,esxV,ESAT-6 like protein EsxV,NonEssential,H37Rv,Not Present.,Not Present.,Not Present.,Not Present.,Not Present.,P0DOA7
Rv3445c,esxU,ESAT-6 like protein EsxU,NonEssential,H37Rv,0.456,-1.944,3.302,False,,I6Y3I6
Rv3444c,esxT,ESAT-6 like protein EsxT,NonEssential,H37Rv,0.869,-0.768,3.361,False,,I6YC53
Rv3019c,esxR,secreted ESAT-6 like protein EsxR,NonEssential,H37Rv,-0.011,-0.241,0.206,False,,P9WNI9
Rv3017c,esxQ,ESAT-6 like protein EsxQ,NonEssential,H37Rv,0.146,-0.671,1.152,False,,P9WNJ1
Rv1793,esxN,ESAT-6 like protein EsxN,NonEssential,H37Rv,-3.889,-13.797,6.191,False,,P9WNJ3
Rv1038c,esxJ,ESAT-6 like protein EsxJ,NonEssential,H37Rv,-1.338,-9.822,6.686,False,,P9WNJ9
Rv1037c,esxI,ESAT-6 like protein EsxI,NonEssential,H37Rv,-1.512,-7.247,4.98,False,,P0DOA6
Rv3905c,esxF,ESAT-6 like protein EsxF,NonEssential,H37Rv,0.406,-0.375,1.485,False,,P9WNH7
Rv3891c,esxD,ESAT-6 like protein EsxD,NonEssential,H37Rv,0.002,-0.232,0.222,False,,O05453
Rv3890c,esxC,ESAT-6 like protein EsxC,NonEssential,H37Rv,-0.375,-0.635,-0.131,False,,P9WNI1
Rv3874,esxB,ESAT-6-like protein EsxB,NonEssential,H37Rv,1.116,0.011,3.004,False,,P9WNK5
Rv3875,esxA,early secretory antigenic target EsxA,NonEssential,H37Rv,0.723,-0.492,2.5,False,,P9WNK7
Rv3849,espR,ESX-1 secretion-associated regulator EspR,NonEssential,H37Rv,0.4,-1.933,4.139,False,,P9WJB7
Rv3876,espI,ESX-1 secretion-associated protein EspI,NonEssential,H37Rv,1.312,-0.473,4.138,False,,P9WJC5
Rv3867,espH,ESX-1 secretion-associated protein EspH,NonEssential,H37Rv,0.636,-0.72,2.601,False,,O69732
Rv3889c,espG2,ESX-2 secretion-associated protein EspG2,NonEssential,H37Rv,0.514,-0.733,2.408,False,,P9WJC9
Rv3866,espG1,ESX-1 secretion-associated protein EspG1,NonEssential,H37Rv,1.068,-0.285,3.411,False,,P96210
Rv3865,espF,ESX-1 secretion-associated protein EspF,NonEssential,H37Rv,0.197,-0.716,1.596,False,,P9WJD1
Rv3864,espE,ESX-1 secretion-associated protein EspE,NonEssential,H37Rv,1.135,-5.053,7.675,False,,P9WJD3
Rv3614c,espD,ESX-1 secretion-associated protein EspD,NonEssential,H37Rv,0.159,-2.301,3.184,False,,P9WJD5
Rv3615c,espC,ESX-1 secretion-associated protein EspC,NonEssential,H37Rv,-0.142,-0.255,-0.029,False,,P9WJD7
Rv3616c,espA,ESX-1 secretion-associated protein EspA,NonEssential,H37Rv,1.594,-1.255,5.162,False,,P9WJE1
Rv1988,erm(37),23S rRNA methyltransferase Erm,NonEssential,H37Rv,1.232,-0.091,3.489,False,,Q10838
Rv0861c,ercc3,DNA helicase Ercc3,NonEssential,H37Rv,1.416,-0.297,4.378,False,,O53873
Rv1512,epiA,nucleotide-sugar epimerase EpiA,NonEssential,H37Rv,-0.424,-4.774,4.692,False,,P71791
Rv2740,ephG,"limonene-1,2-epoxide hydrolase",NonEssential,H37Rv,0.933,-0.254,2.877,False,,O33283
Rv0134,ephF,epoxide hydrolase EphF,NonEssential,H37Rv,1.111,-0.625,3.845,False,,P96811
Rv3670,ephE,epoxide hydrolase EphE,NonEssential,H37Rv,-1.1,-4.62,3.023,False,,I6YCQ4
Rv2214c,ephD,short-chain dehydrogenase EphD,NonEssential,H37Rv,1.017,-1.697,5.298,False,,P9WGS3
Rv1124,ephC,epoxide hydrolase EphC,NonEssential,H37Rv,-0.592,-2.927,2.776,False,,O06576
Rv1938,ephB,epoxide hydrolase EphB,NonEssential,H37Rv,0.954,-2.606,6.089,False,,I6YC03
Rv3617,ephA,epoxide hydrolase EphA,NonEssential,H37Rv,1.165,-0.723,4.432,False,,I6YGS0
Rv0670,end,endonuclease IV End,NonEssential,H37Rv,0.856,-3.022,5.718,False,,P9WQ13
Rv0783c,emrB,multidrug resistance integral membrane efflux protein EmrB,NonEssential,H37Rv,1.183,-0.328,3.712,False,,P9WG89
Rv1267c,embR,transcriptional regulator EmbR,NonEssential,H37Rv,0.792,-0.516,3.088,False,,P9WGJ9
Rv2416c,eis,enhanced intracellular survival protein Eis,NonEssential,H37Rv,-0.233,-3.454,4.593,False,,P9WFK7
Rv1071c,echA9,enoyl-CoA hydratase EchA9,NonEssential,H37Rv,1.044,-0.404,3.722,False,,O53419
Rv1070c,echA8,enoyl-CoA hydratase EchA8,NonEssential,H37Rv,1.079,-0.874,4.195,False,,P9WNN9
Rv0971c,echA7,enoyl-CoA hydratase EchA7,NonEssential,H37Rv,0.508,-0.55,2.118,False,,P71540
Rv0905,echA6,enoyl-CoA hydratase EchA6,NonEssential,H37Rv,1.324,-0.762,4.533,False,,P9WNP1
Rv0675,echA5,enoyl-CoA hydratase EchA5,NonEssential,H37Rv,0.115,-5.308,5.703,False,,I6Y4E8
Rv0673,echA4,enoyl-CoA hydratase EchA4,NonEssential,H37Rv,-0.162,-3.635,4.423,False,,I6Y8F2
Rv0632c,echA3,enoyl-CoA hydratase EchA3,NonEssential,H37Rv,1.155,-0.327,3.552,False,,I6Y8B5
Rv3774,echA21,enoyl-CoA hydratase EchA21,NonEssential,H37Rv,1.013,-0.91,4.13,False,,P75019
Rv3550,echA20,enoyl-CoA hydratase EchA20,NonEssential,H37Rv,0.716,-0.835,3.007,False,,I6Y3U6
Rv0456c,echA2,enoyl-CoA hydratase EchA2,NonEssential,H37Rv,1.466,-0.675,4.823,False,,O07179
Rv3516,echA19,enoyl-CoA hydratase EchA19,NonEssential,H37Rv,1.139,-0.487,3.856,False,,O53561
Rv3374,echA18.1,enoyl-CoA hydratase EchA18.1,NonEssential,H37Rv,Not Present.,Not Present.,Not Present.,Not Present.,Not Present.,Q6MWX6
Rv3373,echA18,enoyl-CoA hydratase EchA18,NonEssential,H37Rv,-0.27,-2.102,1.782,False,,O50402
Rv2831,echA16,enoyl-CoA hydratase EchA16,NonEssential,H37Rv,1.017,-0.438,3.51,False,,I6YEH6
Rv2679,echA15,enoyl-CoA hydratase EchA15,NonEssential,H37Rv,0.617,-0.399,2.413,False,,I6YA03
Rv2486,echA14,enoyl-CoA hydratase EchA14,NonEssential,H37Rv,0.14,-1.298,2.36,False,,P9WNN5
Rv1935c,echA13,enoyl-CoA hydratase EchA13,NonEssential,H37Rv,0.923,-0.728,3.745,False,,P95279
Rv1472,echA12,enoyl-CoA hydratase EchA12,NonEssential,H37Rv,0.585,-1.767,3.779,False,,P9WNN7
Rv1141c,echA11,enoyl-CoA hydratase EchA11,NonEssential,H37Rv,1.222,-0.236,3.791,False,,O06541
Rv1142c,echA10,enoyl-CoA hydratase EchA10,NonEssential,H37Rv,0.81,-1.372,3.936,False,,O06542
Rv0222,echA1,enoyl-CoA hydratase EchA1,NonEssential,H37Rv,0.763,-1.228,3.625,False,,P96404
Rv3885c,eccE2,ESX-2 secretion system protein EccE2,NonEssential,H37Rv,0.723,-2.053,4.452,False,,P9WJE7
Rv3448,eccD4,ESX-4 secretion system protein EccD4,NonEssential,H37Rv,1.122,-0.115,3.164,False,,P9WNQ1
Rv3887c,eccD2,ESX-2 secretion system protein EccD2,NonEssential,H37Rv,0.76,-0.678,3.192,False,,P9WNQ5
Rv3877,eccD1,ESX-1 secretion system protein EccD1,NonEssential,H37Rv,1.29,-0.642,4.304,False,,P9WNQ7
Rv3871,eccCb1,ESX-1 secretion system protein EccCb1,NonEssential,H37Rv,0.826,-1.047,3.91,False,,P9WNB1
Rv3870,eccCa1,ESX-1 secretion system protein EccCa1,NonEssential,H37Rv,0.969,-0.886,4.016,False,,P9WNB3
Rv3447c,eccC4,ESX-4 secretion system protein EccC4,NonEssential,H37Rv,0.738,-1.022,3.615,False,,P9WNA7
Rv3894c,eccC2,ESX-2 secretion system protein EccC2,NonEssential,H37Rv,-0.303,-2.58,3.083,False,,O05450
Rv3450c,eccB4,ESX-4 secretion system protein EccB4,NonEssential,H37Rv,0.376,-3.928,6.145,False,,P9WNR1
Rv3895c,eccB2,ESX-2 secretion system protein EccB2,NonEssential,H37Rv,0.4,-3.642,5.493,False,,P9WNR5
Rv3869,eccB1,ESX-1 secretion system protein EccB1,NonEssential,H37Rv,1.286,-1.16,4.715,False,,P9WNR7
Rv1798,eccA5,ESX-5 secretion system protein EccA5,NonEssential,H37Rv,-0.836,-2.987,2.542,False,,P9WPI1
Rv3884c,eccA2,ESX-2 secretion system protein EccA2,NonEssential,H37Rv,0.971,-1.454,4.454,False,,P9WPH7
Rv3868,eccA1,ESX-1 secretion system protein EccA1,NonEssential,H37Rv,0.755,-0.704,3.056,False,,P9WPH9
Rv3379c,dxs2,1-deoxy-D-xylulose-5-phosphate synthase Dxs2,NonEssential,H37Rv,0.016,-3.599,4.224,False,,O50408
Rv2697c,dut,deoxyuridine 5'-triphosphate nucleotidohydrolase Dut,NonEssential,H37Rv,-4.284,-8.209,0.25,False,,P9WNS5
Rv1677,dsbF,lipoprotein DsbF,NonEssential,H37Rv,0.659,-1.054,2.897,False,,I6XYM2
Rv3663c,dppD,dipeptide-transport ABC transporter ATP-binding protein DppD,NonEssential,H37Rv,-0.071,-4.128,4.985,False,,I6Y482
Rv3664c,dppC,dipeptide-transport ABC transporter integral membrane protein DppC,NonEssential,H37Rv,0.611,-1.776,4.136,False,,L0TEV4
Rv3665c,dppB,dipeptide-transport ABC transporter integral membrane protein DppB,NonEssential,H37Rv,-0.403,-4.89,5.434,False,,I6YGV9
Rv3666c,dppA,periplasmic dipeptide-binding lipoprotein DppA,NonEssential,H37Rv,1.158,-1.812,4.974,False,,I6X811
Rv2027c,dosT,two-component system sensor histidine kinase DosT,NonEssential,H37Rv,1.171,-0.715,3.948,False,,P9WGK1
Rv2112c,dop,deamidase,NonEssential,H37Rv,0.679,-1.811,3.296,False,,P9WNU9
Rv3711c,dnaQ,DNA polymerase III epsilon subunit DnaQ,NonEssential,H37Rv,0.643,-3.574,6.265,False,,O69678
Rv0352,dnaJ1,chaperone DnaJ1,NonEssential,H37Rv,-3.492,-8.116,2.037,False,,P9WNV9
Rv3370c,dnaE2,DNA polymerase III alpha subunit DnaE2,NonEssential,H37Rv,1.345,-0.614,4.633,False,,P9WNT5
Rv2215,dlaT,"2-oxoglutarate dehydrogenase, E2 component, dihydrolipoamide succinyltransferase DlaT",NonEssential,H37Rv,-4.484,-8.053,0.259,False,,P9WIS7
Rv2874,dipZ,integral membrane C-type cytochrome biogenesis protein DipZ,NonEssential,H37Rv,1.207,-0.358,3.919,False,,P9WG63
Rv1537,dinX,DNA polymerase IV DinX,NonEssential,H37Rv,0.702,-2.204,4.922,False,,P9WNT3
Rv1329c,dinG,ATP-dependent DNA helicase DinG,NonEssential,H37Rv,0.641,-1.257,3.819,False,,P9WMR5
Rv2836c,dinF,DNA repair protein RecO,NonEssential,H37Rv,0.684,-1.465,4.041,False,,P71616
Rv2579,dhaA,haloalkane dehalogenase 3,NonEssential,H37Rv,0.127,-1.896,2.343,False,,P9WMR9
Rv2344c,dgt,deoxyguanosine triphosphate triphosphohydrolase Dgt,NonEssential,H37Rv,-0.482,-2.371,2.352,False,,P9WNY7
Rv3132c,devS,two-component system sensor histidine kinase DevS,NonEssential,H37Rv,1.226,-0.591,3.148,False,,P9WGK3
Rv3133c,devR,two-component system transcriptional regulatory protein DevR,NonEssential,H37Rv,1.549,-0.946,4.897,False,,P9WMF9
Rv1445c,devB,6-phosphogluconolactonase DevB (6PGL),NonEssential,H37Rv,1.565,-0.372,5.036,False,,P9WQP5
Rv3229c,desA3,stearoyl-CoA 9-desaturase,NonEssential,H37Rv,0.348,-1.316,2.98,False,,P9WNZ3
Rv3307,deoD,purine nucleoside phosphorylase DeoD,NonEssential,H37Rv,0.174,-0.639,1.403,False,,P9WP01
Rv3314c,deoA,thymidine phosphorylase DeoA,NonEssential,H37Rv,0.751,-0.747,3.102,False,,P9WFS1
Rv2637,dedA,transmembrane protein,NonEssential,H37Rv,0.757,-1.701,4.171,False,,P9WP07
Rv1253,deaD,cold shock DeaD-box protein A DeaD,NonEssential,H37Rv,0.654,-2.264,4.447,False,,P9WH05
Rv3547,ddn,deazaflavin-dependent nitroreductase Ddn,NonEssential,H37Rv,1.533,-0.547,4.957,False,,P9WP15
Rv2443,dctA,C4-dicarboxylate-transport transmembrane protein DctA,NonEssential,H37Rv,1.614,-0.241,4.849,False,,P71906
Rv0321,dcd,deoxycytidine triphosphate deaminase Dcd,NonEssential,H37Rv,0.128,-1.319,2.335,False,,P9WP17
Rv0858c,dapC,n-succinyldiaminopimelate aminotransferase DapC,NonEssential,H37Rv,1.142,-0.439,3.816,False,,P9WPZ5
Rv2911,dacB2,penicillin-binding protein DacB2,NonEssential,H37Rv,0.764,-0.443,2.823,False,,I6Y204
Rv3330,dacB1,penicillin-binding protein DacB1,NonEssential,H37Rv,0.88,-0.987,3.805,False,,O53380
Rv2131c,cysQ,monophosphatase CysQ,NonEssential,H37Rv,0.779,-2.361,4.919,False,,P9WKJ1
Rv0848,cysK2,cysteine synthase A CysK2,NonEssential,H37Rv,0.937,-1.239,3.691,False,,Q79FV4
Rv2334,cysK1,cysteine synthase A CysK1,NonEssential,H37Rv,-1.151,-3.11,1.923,False,,P9WP55
Rv2335,cysE,serine acetyltransferase CysE,NonEssential,H37Rv,-1.076,-3.428,2.11,False,,P95231
Rv1285,cysD,sulfate adenylyltransferase subunit 2 CysD,NonEssential,H37Rv,1.233,-0.915,4.645,False,,P9WIK1
Rv0764c,cyp51,cytochrome P450 51 Cyp51,NonEssential,H37Rv,1.33,-0.245,4.011,False,,P9WPP9
Rv1777,cyp144,cytochrome P450 144 Cyp144,NonEssential,H37Rv,1.219,-0.788,4.252,False,,P9WPL1
Rv1785c,cyp143,cytochrome P450 143 Cyp143,NonEssential,H37Rv,0.713,-3.111,5.963,False,,P9WPL3
Rv3518c,cyp142,cytochrome P450 monooxygenase 142 Cyp142,NonEssential,H37Rv,0.87,-1.469,4.247,False,,P9WPL5
Rv3121,cyp141,cytochrome P450 141 Cyp141,NonEssential,H37Rv,1.284,-0.223,3.772,False,,P9WPL7
Rv1880c,cyp140,cytochrome P450 140 Cyp140,NonEssential,H37Rv,1.094,-0.576,3.904,False,,P9WPL9
Rv1666c,cyp139,cytochrome P450 139 Cyp139,NonEssential,H37Rv,0.77,-0.841,3.443,False,,P9WPM1
Rv0136,cyp138,cytochrome P450 138 Cyp138,NonEssential,H37Rv,0.942,-1.878,4.8,False,,P9WPM3
Rv3685c,cyp137,cytochrome P450 137 Cyp137,NonEssential,H37Rv,0.698,-1.62,3.716,False,,P9WPM5
Rv0568,cyp135B1,cytochrome P450 135B1 Cyp135B1,NonEssential,H37Rv,0.813,-1.342,3.688,False,,P9WPM9
Rv0327c,cyp135A1,cytochrome P450 135A1 Cyp135A1,NonEssential,H37Rv,1.119,-0.337,3.596,False,,P9WPN1
Rv1394c,cyp132,cytochrome P450 132 Cyp132,NonEssential,H37Rv,1.18,-0.58,3.872,False,,P9WPN3
Rv1256c,cyp130,cytochrome P450 130 Cyp130,NonEssential,H37Rv,1.018,-0.352,3.315,False,,P9WPN5
Rv2268c,cyp128,cytochrome P450 128 Cyp128,NonEssential,H37Rv,1.19,-0.812,3.987,False,,P9WPN7
Rv0778,cyp126,cytochrome P450 126 Cyp126,NonEssential,H37Rv,1.147,-1.031,4.537,False,,P9WPN9
Rv3545c,cyp125,cytochrome P450 125 Cyp125,NonEssential,H37Rv,0.641,-1.735,3.978,False,,P9WPP1
Rv2266,cyp124,cytochrome P450 124 Cyp124,NonEssential,H37Rv,0.848,-1.53,4.619,False,,P9WPP3
Rv0766c,cyp123,cytochrome P450 123 Cyp123,NonEssential,H37Rv,0.827,-0.741,3.59,False,,P9WPP5
Rv2276,cyp121,cytochrome P450 121 Cyp121,NonEssential,H37Rv,1.526,-0.149,4.412,False,,P9WPP7
Rv1621c,cydD,thiol reductant ABC exporter subunit CydD,NonEssential,H37Rv,-2.565,-4.444,0.375,False,,O06138
Rv1620c,cydC,thiol reductant ABC exporter subunit CydC,NonEssential,H37Rv,-0.855,-3.303,2.599,False,,O06137
Rv1622c,cydB,integral membrane cytochrome D ubiquinol oxidase CydB,NonEssential,H37Rv,-2.688,-5.294,1.244,False,,O06139
Rv1623c,cydA,integral membrane cytochrome D ubiquinol oxidase CydA,NonEssential,H37Rv,-3.224,-5.588,0.326,False,,L7N662
Rv1704c,cycA,d-serine/alanine/glycine transporter CycA,NonEssential,H37Rv,1.276,-0.526,4.048,False,,O33203
Rv1625c,cya,adenylyl cyclase Cya,NonEssential,H37Rv,0.496,-1.596,3.854,False,,P9WQ35
Rv3724B,cut5b,cutinase Cut5b,NonEssential,H37Rv,0.17,-0.609,1.354,False,,Q79FA4
Rv3724A,cut5a,cutinase Cut5a,NonEssential,H37Rv,0.978,-0.377,3.056,False,,Q79FA5
Rv3452,cut4,cutinase Cut4,NonEssential,H37Rv,0.317,-0.842,2.031,False,,O06319
Rv3451,cut3,cutinase Cut3,NonEssential,H37Rv,0.483,-0.967,2.441,False,,P9WP39
Rv2301,cut2,cutinase Cut2,NonEssential,H37Rv,0.513,-0.913,2.62,False,,P9WP41
Rv1758,cut1,cutinase Cut1,NonEssential,H37Rv,0.683,-2.146,4.893,False,,O06793
Rv0969,ctpV,metal cation transporter P-type ATPase CtpV,NonEssential,H37Rv,0.774,-1.491,4.176,False,,P9WPS3
Rv3743c,ctpJ,cation transporter P-type ATPase CtpJ,NonEssential,H37Rv,1.122,-1.114,4.706,False,,P9WPT7
Rv0107c,ctpI,cation-transporter P-type ATPase CtpI,NonEssential,H37Rv,1.242,-0.52,4.224,False,,P9WPS5
Rv0425c,ctpH,"HAD ATPase, P-type, family IC CtpH",NonEssential,H37Rv,0.526,-0.924,2.882,False,,P96271
Rv1992c,ctpG,metal cation transporter P-type ATPase CtpG,NonEssential,H37Rv,1.087,-0.45,3.756,False,,P9WPS7
Rv1997,ctpF,metal cation transporter P-type ATPase CtpF,NonEssential,H37Rv,1.11,-0.636,3.814,False,,P9WPS9
Rv0908,ctpE,metal cation transporter P-type ATPase CtpE,NonEssential,H37Rv,1.586,-0.402,4.6,False,,P9WPT1
Rv1469,ctpD,cation transporter P-type ATPase CtpD,NonEssential,H37Rv,0.942,-1.129,4.197,False,,P9WPT3
Rv3270,ctpC,metal cation-transporter P-type ATPase CtpC,NonEssential,H37Rv,0.979,-0.684,3.742,False,,P9WPT5
Rv0103c,ctpB,cation-transporter P-type ATPase CtpB,NonEssential,H37Rv,1.059,-0.884,4.422,False,,P9WPT9
Rv0092,ctpA,cation transporter P-type ATPase CtpA,NonEssential,H37Rv,0.433,-1.462,3.505,False,,P9WPU1
Rv3063,cstA,carbon starvation protein A CstA,NonEssential,H37Rv,0.928,-0.391,3.178,False,,P9WP47
Rv0871,cspB,cold shock protein B CspB,NonEssential,H37Rv,-0.343,-1.769,1.912,False,,I6WZM9
Rv0806c,cpsY,UDP-glucose-4-epimerase CpsY,NonEssential,H37Rv,0.467,-1.218,3.424,False,,P9WGD1
Rv1239c,corA,magnesium and cobalt transporter CorA,NonEssential,H37Rv,0.471,-0.987,2.963,False,,O50455
Rv0254c,cobU,adenosylcobinamide kinase/adenosylcobinamide-phosphate guanylyltransferase CobU,NonEssential,H37Rv,0.661,-0.705,2.31,False,,O53676
Rv2207,cobT,nicotinate-nucleotide-dimethylbenzimidazol phosphoribosyltransferase CobT,NonEssential,H37Rv,-7.656,-11.356,-3.24,False,,P9WP85
Rv2208,cobS,cobalamin 5'-phosphate synthase CobS,NonEssential,H37Rv,0.647,-0.729,2.719,False,,P9WP91
Rv0255c,cobQ1,cobyric acid synthase CobQ1,NonEssential,H37Rv,1.095,-0.797,4.048,False,,P9WP95
Rv2849c,cobO,cob(I)alamin adenosyltransferase CobO,NonEssential,H37Rv,-0.978,-3.449,2.035,False,,I6Y1V6
Rv2062c,cobN,cobalamin biosynthesis protein CobN,NonEssential,H37Rv,1.075,-0.637,3.867,False,,O53498
Rv2071c,cobM,precorrin-4 C(11)-methyltransferase CobM,NonEssential,H37Rv,0.689,-0.539,2.449,False,,P9WGB1
Rv2072c,cobL,"precorrin-6Y C(5,15)-methyltransferase CobL",NonEssential,H37Rv,0.177,-2.054,3.161,False,,P9WGA9
Rv2070c,cobK,precorrin-6A reductase CobK,NonEssential,H37Rv,1.124,-0.671,3.88,False,,P9WP89
Rv2066,cobI,CobI-COBJ fusion protein,NonEssential,H37Rv,1.041,-1.185,4.274,False,,P9WGB3
Rv2065,cobH,precorrin-8X methylmutase CobH,NonEssential,H37Rv,0.619,-0.226,1.848,False,,P9WP87
Rv2064,cobG,precorrin-3B synthase CobK,NonEssential,H37Rv,0.599,-0.454,2.1,False,,Q10675
Rv2236c,cobD,cobalamin biosynthesis transmembrane protein CobD,NonEssential,H37Rv,0.335,-0.65,1.803,False,,P9WP93
Rv2231c,cobC,histidinol-phosphate aminotransferase CobC,NonEssential,H37Rv,-0.907,-4.69,3.374,False,,P9WQ89
Rv2848c,cobB,"cobyrinic acid A,C-diamide synthase CobB",NonEssential,H37Rv,1.073,-1.484,4.852,False,,P9WP97
Rv1994c,cmtR,ArsR family transcriptional regulator CmtR,NonEssential,H37Rv,1.036,-0.386,3.575,False,,P9WMI9
Rv1675c,cmr,transcriptional regulator Cmr,NonEssential,H37Rv,1.137,-0.336,3.543,False,,P9WMH5
Rv3392c,cmaA1,cyclopropane mycolic acid synthase 1 CmaA1,NonEssential,H37Rv,-0.015,-3.534,4.174,False,,P9WPB7
Rv2667,clpC2,ATP-dependent protease ATP-binding subunit ClpC2,NonEssential,H37Rv,0.359,-0.633,1.97,False,,P9WPC7
Rv2745c,clgR,transcriptional regulator ClgR,NonEssential,H37Rv,0.203,0.042,0.385,False,,P9WMH7
Rv2498c,citE,citrate (Pro-3S)-lyase beta subunit CitE,NonEssential,H37Rv,0.745,-1.766,4.032,False,,P9WPE1
Rv0889c,citA,citrate synthase II CitA,NonEssential,H37Rv,0.925,-0.788,3.646,False,,P9WPD3
Rv1901,cinA,cinA-like protein CinA,NonEssential,H37Rv,1.227,-0.588,4.141,False,,P9WPE3
Rv2393,che1,ferrochelatase Che1,NonEssential,H37Rv,0.618,-0.942,2.759,False,,P71751
Rv1607,chaA,ionic transporter integral membrane protein ChaA,NonEssential,H37Rv,0.817,-3.314,5.556,False,,O53910
Rv3004,cfp6,antigen 6,NonEssential,H37Rv,0.486,-4.259,6.134,False,,P9WIR1
Rv0798c,cfp29,antigen Cfp29,NonEssential,H37Rv,1.165,-0.12,3.494,False,,I6WZG6
Rv2692,ceoC,trk system potassium uptake protein CeoC,NonEssential,H37Rv,-0.959,-2.143,0.916,False,,P9WFZ3
Rv2691,ceoB,trk system potassium uptake protein CeoB,NonEssential,H37Rv,-0.604,-2.383,1.719,False,,I6XF25
Rv1090,celA2b,cellulase CelA2b,NonEssential,H37Rv,0.792,-2.979,5.299,False,,O53438
Rv1089A,celA2a,cellulase CelA2a,NonEssential,H37Rv,-2.952,-14.116,8.863,False,,Q79FS6
Rv0062,celA1,cellulase CelA1,NonEssential,H37Rv,0.042,-3.345,4.456,False,,Q79G13
Rv2289,cdh,CDP-diacylglycerol pyrophosphatase Cdh,NonEssential,H37Rv,0.83,-0.644,3.22,False,,P9WPG9
Rv3315c,cdd,cytidine deaminase Cdd,NonEssential,H37Rv,0.546,-0.924,2.414,False,,P9WPH3
Rv1077,cbs,cystathionine beta-synthase Cbs,NonEssential,H37Rv,0.407,-2.537,4.431,False,,P9WP51
Rv3588c,canB,beta-carbonic anhydrase CanB,NonEssential,H37Rv,0.71,-0.23,2.286,False,,P9WPJ9
Rv1284,canA,beta-carbonic anhydrase,NonEssential,H37Rv,0.605,-0.392,2.252,False,,P9WPJ7
Rv2641,cadI,cadmium-induced protein CadI,NonEssential,H37Rv,0.387,-0.465,1.596,False,,P9WIR5
Rv0554,bpoC,peroxidase BpoC,NonEssential,H37Rv,0.923,-0.806,3.804,False,,P9WNH1
Rv1123c,bpoB,peroxidase BpoB,NonEssential,H37Rv,1.465,-0.176,4.373,False,,O06575
Rv3473c,bpoA,peroxidase BpoA,NonEssential,H37Rv,0.465,-0.871,1.991,False,,O06338
Rv1845c,blaR,ensor-transducer protein BlaR,NonEssential,H37Rv,-8.066,-14.354,-1.589,False,,P95164
Rv1846c,blaI,transcriptional regulator BlaI,NonEssential,H37Rv,0.046,-0.531,0.583,False,,P9WMJ5
Rv2068c,blaC,beta-lactamase BlaC,NonEssential,H37Rv,0.726,-1.137,3.5,False,,P9WKD3
Rv2495c,bkdC,branched-chain keto acid dehydrogenase E2 component BkdC,NonEssential,H37Rv,0.65,-1.996,4.561,False,,O06159
Rv2496c,bkdB,branched-chain keto acid dehydrogenase E1 component beta subunit BkdB,NonEssential,H37Rv,0.025,-3.917,4.842,False,,P9WIS1
Rv2497c,bkdA,branched-chain keto acid dehydrogenase E1 component alpha subunit BkdA,NonEssential,H37Rv,0.956,-0.978,4.097,False,,P9WIS3
Rv1442,bisC,biotin sulfoxide reductase BisC,NonEssential,H37Rv,0.275,-1.977,3.35,False,,O06817
Rv0032,bioF2,8-amino-7-oxononanoate synthase BioF2,NonEssential,H37Rv,0.757,-1.708,4.324,False,,P9WQ85
Rv1569,bioF1,8-amino-7-oxononanoate synthase BioF1,NonEssential,H37Rv,-0.354,-0.448,-0.263,False,,P9WQ87
Rv1570,bioD,dethiobiotin synthetase BioD,NonEssential,H37Rv,-0.285,-0.435,-0.137,False,,P9WPQ5
Rv1568,bioA,adenosylmethionine-8-amino-7-oxononanoate aminotransferase BioA,NonEssential,H37Rv,-0.239,-0.327,-0.144,False,,P9WQ81
Rv0186,bglS,beta-glucosidase BglS,NonEssential,H37Rv,1.191,-1.857,5.611,False,,O07430
Rv3841,bfrB,bacterioferritin BfrB,NonEssential,H37Rv,1.282,-0.318,3.999,False,,P9WNE5
Rv0917,betP,glycine betaine transport integral membrane protein BetP,NonEssential,H37Rv,1.296,-0.832,4.685,False,,P9WPR7
Rv1608c,bcpB,peroxidoxin BcpB,NonEssential,H37Rv,1.093,0.019,2.859,False,,P9WID9
Rv2521,bcp,bacterioferritin comigratory protein Bcp,NonEssential,H37Rv,0.28,-0.756,2,False,,P9WIE1
Rv1819c,bacA,drug-transport transmembrane ABC transporter ATP-binding protein BacA,NonEssential,H37Rv,1.681,0.054,4.378,False,,P9WQI9
Rv0663,atsD,arylsulfatase AtsD,NonEssential,H37Rv,1.305,-0.859,4.848,False,,I6XVW9
Rv3299c,atsB,arylsulfatase AtsB,NonEssential,H37Rv,1.123,-0.653,3.746,False,,O65931
Rv0711,atsA,arylsulfatase AtsA,NonEssential,H37Rv,1.202,-0.473,3.899,False,,P95059
Rv3565,aspB,aspartate aminotransferase AspB,NonEssential,H37Rv,1.542,-0.127,4.078,False,,P96847
Rv2643,arsC,arsenic-transport integral membrane protein ArsC,NonEssential,H37Rv,1.238,-0.489,4.077,False,,I6X4W4
Rv3578,arsB2,arsenical pump integral membrane protein ArsB2,NonEssential,H37Rv,1.123,-0.434,3.782,False,,I6YCG9
Rv2685,arsB1,arsenic-transport integral membrane protein ArsB1,NonEssential,H37Rv,1.439,-0.098,4.176,False,,P9WPD7
Rv2684,arsA,arsenic-transport integral membrane protein ArsA,NonEssential,H37Rv,1.476,-0.107,4.341,False,,P9WPD9
Rv2552c,aroE,shikimate 5-dehydrogenase AroE,NonEssential,H37Rv,-9.011,-16.066,-1.665,False,,I6Y120
Rv1657,argR,arginine repressor ArgR,NonEssential,H37Rv,-3.12,-7.591,1.76,False,,P9WPY9
Rv1001,arcA,arginine deiminase ArcA,NonEssential,H37Rv,0.16,-2.821,4.112,False,,P9WQ05
Rv2584c,apt,adenine phosphoribosyltransferase Apt,NonEssential,H37Rv,0.776,-0.644,2.326,False,,P9WQ07
Rv1860,apa,alanine and proline rich secreted protein Apa,NonEssential,H37Rv,0.639,-0.076,1.405,False,,P9WIR7
Rv3170,aofH,flavin-containing monoamine oxidase AofH,NonEssential,H37Rv,0.63,-1.116,3.404,False,,P9WQ15
Rv0346c,ansP2,l-asparagine permease AnsP2,NonEssential,H37Rv,1.088,-0.761,4.261,False,,P9WQM7
Rv2127,ansP1,l-asparagine permease AnsP1,NonEssential,H37Rv,1.26,-0.472,4.251,False,,P9WQM9
Rv1538c,ansA,L-asparaginase AnsA,NonEssential,H37Rv,-1.109,-5.847,3.99,False,,P9WPX5
Rv2920c,amt,ammonium-transport integral membrane protein Amt,NonEssential,H37Rv,0.973,-0.927,3.76,False,,P9WQ65
Rv3375,amiD,amidase AmiD,NonEssential,H37Rv,0.798,-0.547,3.1,False,,P9WQ93
Rv2888c,amiC,amidase AmiC,NonEssential,H37Rv,0.988,-0.808,3.72,False,,P9WQ95
Rv1263,amiB2,amidase AmiB2,NonEssential,H37Rv,0.761,-1.023,3.433,False,,P9WQ97
Rv3306c,amiB1,amidohydrolase AmiB1,NonEssential,H37Rv,-0.163,-4.533,5.239,False,,L7N690
Rv2363,amiA2,amidase AmiA2,NonEssential,H37Rv,0.29,-1.671,3.355,False,,P9WQ99
Rv3305c,amiA1,N-acyl-L-amino acid amidohydrolase AmiA1,NonEssential,H37Rv,-0.309,-3.97,3.857,False,,L7N663
Rv1317c,alkA,bifunctional regulatory protein and DNA repair enzyme AlkA,NonEssential,H37Rv,1.319,-0.3,3.867,False,,P9WJW3
Rv2858c,aldC,aldehyde dehydrogenase (NAD+),NonEssential,H37Rv,0.543,-3.232,6.37,False,,O33340
Rv0768,aldA,aldehyde dehydrogenase (NAD+),NonEssential,H37Rv,0.844,-2.027,4.696,False,,I6X9R9
Rv2780,ald,secreted L-alanine dehydrogenase Ald,NonEssential,H37Rv,1.363,-0.435,4.461,False,,P9WQB1
Rv2238c,ahpE,peroxiredoxin AhpE,NonEssential,H37Rv,-1.897,-3.321,-0.028,False,,P9WIE3
Rv2429,ahpD,alkyl hydroperoxide reductase AhpD,NonEssential,H37Rv,0.671,-0.426,2.343,False,,P9WQB5
Rv2428,ahpC,alkyl hydroperoxide reductase AhpC,NonEssential,H37Rv,1.28,-0.348,3.895,False,,P9WQB7
Rv3107c,agpS,alkyldihydroxyacetonephosphate synthase AgpS,NonEssential,H37Rv,0.121,-2.768,3.72,False,,O05784
Rv2471,aglA,alpha-glucosidase AglA,NonEssential,H37Rv,1.418,-0.15,4.245,False,,O53198
Rv0733,adk,adenylate kinase Adk,NonEssential,H37Rv,-7.741,-13.969,-0.949,False,,P9WKF5
Rv0162c,adhE1,zinc-type alcohol dehydrogenase AdhE1,NonEssential,H37Rv,1.06,-0.428,3.577,False,,L7N6B3
Rv3086,adhD,zinc-type alcohol dehydrogenase AdhD,NonEssential,H37Rv,0.933,-0.659,3.724,False,,P9WQB9
Rv3045,adhC,NADP-dependent alcohol dehydrogenase AdhC,NonEssential,H37Rv,0.625,-0.583,2.404,False,,P9WQC5
Rv0761c,adhB,NAD-dependent zinc-type alcohol dehydrogenase AdhB,NonEssential,H37Rv,1.246,-0.624,4.085,False,,P9WQC7
Rv1862,adhA,alcohol dehydrogenase AdhA,NonEssential,H37Rv,1.294,-0.756,4.137,False,,P9WQC1
Rv1530,adh,alcohol dehydrogenase Adh,NonEssential,H37Rv,-0.223,-4.067,4.162,False,,P9WQC3
Rv3313c,add,adenosine deaminase Add,NonEssential,H37Rv,0.131,-4.844,6.125,False,,P63907
Rv2922A,acyP,acylphosphatase AcyP,NonEssential,H37Rv,-0.803,-2.909,1.519,False,,P9WQC9
Rv3667,acs,acetyl-CoA synthetase Acs,NonEssential,H37Rv,0.762,-0.92,3.453,False,,P9WQD1
Rv3391,acrA1,multifunctional enzyme with acyl-CoA-reductase activity AcrA1,NonEssential,H37Rv,1.251,-0.185,3.542,False,,O50417
Rv2523c,acpS,holo-[acyl-carrier protein] synthase AcpS,NonEssential,H37Rv,-5.546,-8.16,-2.949,False,,P9WQD3
Rv0033,acpA,acyl carrier protein AcpA,NonEssential,H37Rv,0.69,-0.43,2.3,False,,I6WX95
Rv0409,ackA,acetate kinase AckA,NonEssential,H37Rv,0.083,-4.309,5.458,False,,P9WQH1
Rv2032,acg,hypothetical protein,NonEssential,H37Rv,1.197,-0.793,4.2,False,,P9WIZ9
Rv2241,aceE,pyruvate dehydrogenase E1 component AceE,NonEssential,H37Rv,-1.054,-2.706,0.792,False,,P9WIS9
Rv1916,aceAb,isocitrate lyase AceAb,NonEssential,H37Rv,1.334,-0.159,3.741,False,,O07717
Rv1915,aceAa,isocitrate lyase AceAa,NonEssential,H37Rv,1.623,-0.428,5.031,False,,O07718
Rv0904c,accD3,acetyl-CoA carboxylase carboxyl transferase AccD3,NonEssential,H37Rv,0.182,-1.691,3.079,False,,P9WQH9
Rv0974c,accD2,acetyl-/propionyl-CoA carboxylase beta subunit AccD2,NonEssential,H37Rv,0.984,-0.499,3.485,False,,O86318
Rv2502c,accD1,acetyl-/propionyl-CoA carboxylase beta subunit AccD1,NonEssential,H37Rv,1.021,-1.017,4.054,False,,I6YDK7
Rv0973c,accA2,acetyl-/propionyl-coenzyme A carboxylase alpha chain alpha subunit AccA2,NonEssential,H37Rv,1.227,-0.152,3.548,False,,P71538
Rv2501c,accA1,acetyl-/propionyl-coenzyme A carboxylase alpha chain alpha subunit AccA1,NonEssential,H37Rv,1.074,-0.801,4.032,False,,P9WPQ3
Rv1905c,aao,d-amino acid oxidase Aao,NonEssential,H37Rv,0.544,-0.46,2.136,False,,P9WP27
Rv0262c,aac,aminoglycoside 2'-N-acetyltransferase Aac,NonEssential,H37Rv,0.826,-0.797,2.971,False,,P9WQG9
Rv2744c,35kd_ag,alanine rich protein,NonEssential,H37Rv,-0.291,-1.428,1.453,False,,P9WHP5
Rv0004,-,hypothetical protein,NonEssential,H37Rv,-4.379,-8.782,0.414,False,,P9WFL1
Rv0007,-,membrane protein,NonEssential,H37Rv,1.002,-2.034,4.641,False,,P9WMA7
Rv0008c,-,membrane protein,NonEssential,H37Rv,1.111,-0.475,3.622,False,,P9WJF3
Rv0010c,-,membrane protein,NonEssential,H37Rv,0.578,-0.358,1.972,False,,P9WMA3
Rv0011c,-,"cell division protein, PG complex",NonEssential,H37Rv,-2.652,-4.692,0.102,False,,P9WP57
Rv0012,-,membrane protein,NonEssential,H37Rv,1.299,-0.214,3.681,False,,L0T243
Rv0021c,-,nitronate monooxygenase,NonEssential,H37Rv,1.06,-0.364,3.515,False,,P71591
Rv0024,-,secreted protein,NonEssential,H37Rv,-0.605,-4.483,4.531,False,,P71594
Rv0025,-,hypothetical protein,NonEssential,H37Rv,0.988,-0.45,3.217,False,,P9WMA1
Rv0026,-,hypothetical protein,NonEssential,H37Rv,0.056,-3.776,4.867,False,,P9WMB1
Rv0027,-,hypothetical protein,NonEssential,H37Rv,0.476,-0.557,1.983,False,,P9WM99
Rv0028,-,hypothetical protein,NonEssential,H37Rv,-0.548,-6.501,6.081,False,,P9WM97
Rv0029,-,hypothetical protein,NonEssential,H37Rv,0.618,-2.125,4.326,False,,P71599
Rv0030,-,hypothetical protein,NonEssential,H37Rv,1.035,-0.687,4.08,False,,P9WM95
Rv0034,-,hypothetical protein,NonEssential,H37Rv,-0.039,-4.1,4.448,False,,P9WM93
Rv0036c,-,hypothetical protein,NonEssential,H37Rv,1.215,-0.521,3.994,False,,P9WM91
Rv0037c,-,integral membrane protein,NonEssential,H37Rv,1.526,-0.309,4.318,False,,P9WJY1
Rv0038,-,transcriptional regulator,NonEssential,H37Rv,0.278,-0.689,1.573,False,,P9WFK5
Rv0039c,-,transmembrane protein,NonEssential,H37Rv,0.271,-1.343,2.277,False,,P9WM89
Rv0042c,-,transcriptional regulator MarR-family,NonEssential,H37Rv,-1.975,-4.238,0.791,False,,P71699
Rv0043c,-,transcriptional regulator GntR-family,NonEssential,H37Rv,1.284,-0.175,4.032,False,,P9WMG9
Rv0044c,-,oxidoreductase,NonEssential,H37Rv,0.874,-0.578,3.436,False,,P71701
Rv0045c,-,hydrolase,NonEssential,H37Rv,1.081,-0.682,4.094,False,,I6XU97
Rv0047c,-,hypothetical protein,NonEssential,H37Rv,-6.819,-15.235,1.861,False,,P71704
Rv0048c,-,membrane protein,NonEssential,H37Rv,0.813,-0.325,2.584,False,,P9WM87
Rv0049,-,hypothetical protein,NonEssential,H37Rv,-0.696,-2.858,1.664,False,,P9WM85
Rv0051,-,transmembrane protein,NonEssential,H37Rv,0.564,-2.145,4.787,False,,P71708
Rv0052,-,hypothetical protein,NonEssential,H37Rv,0.827,-0.446,2.762,False,,I6Y6S3
Rv0057,-,hypothetical protein,NonEssential,H37Rv,-6.978,-13.614,0.985,False,,P9WM77
Rv0061c,-,hypothetical protein,NonEssential,H37Rv,1.06,-0.607,3.795,False,,I6X8E6
Rv0063,-,oxidoreductase,NonEssential,H37Rv,-0.587,-3.129,2.991,False,,O53608
Rv0064,-,transmembrane protein,NonEssential,H37Rv,0.232,-1.894,3.35,False,,P9WFL5
Rv0067c,-,transcriptional regulator TetR-family,NonEssential,H37Rv,-0.73,-4.215,4.068,False,,O53612
Rv0068,-,oxidoreductase,NonEssential,H37Rv,0.649,-0.641,2.326,False,,O53613
Rv0071,-,RNA-directed DNA polymerase,NonEssential,H37Rv,0.594,-0.946,2.761,False,,O53616
Rv0072,-,glutamine-transport ABC transporter transmembrane protein,NonEssential,H37Rv,0.932,-1.321,4.33,False,,P9WG17
Rv0073,-,glutamine-transport ABC transporter ATP-binding protein,NonEssential,H37Rv,1.103,-0.909,3.964,False,,P9WQK5
Rv0074,-,hypothetical protein,NonEssential,H37Rv,0.774,-1.446,4.045,False,,O53619
Rv0075,-,cystathionine beta-lyase,NonEssential,H37Rv,1.243,-0.622,4.311,False,,O53620
Rv0076c,-,membrane protein,NonEssential,H37Rv,1.57,-0.21,4.537,False,,O53621
Rv0077c,-,oxidoreductase,NonEssential,H37Rv,1.131,-0.605,4.108,False,,O53622
Rv0078,-,transcriptional regulator,NonEssential,H37Rv,-0.731,-3.555,2.802,False,,O53623
Rv0078A,-,hypothetical protein,NonEssential,H37Rv,1.058,-0.215,3.335,False,,L7N686
Rv0078B,-,hypothetical protein,NonEssential,H37Rv,2.03,-0.76,6.044,False,,I6X8G2
Rv0079,-,hypothetical protein,NonEssential,H37Rv,0.528,-4.4,6.855,False,,P9WMA9
Rv0080,-,hypothetical protein,NonEssential,H37Rv,0.326,-2.548,3.604,False,,P9WMA5
Rv0081,-,ArsR family transcriptional regulator,NonEssential,H37Rv,0.948,-0.372,2.924,False,,P9WMI7
Rv0082,-,oxidoreductase,NonEssential,H37Rv,-1.954,-10.076,7.005,False,,I6XUD2
Rv0083,-,oxidoreductase,NonEssential,H37Rv,-0.621,-4.648,3.533,False,,P9WIW3
Rv0088,-,polyketide cyclase/dehydrase,NonEssential,H37Rv,-0.698,-7.702,7.085,False,,P9WM73
Rv0089,-,methyltransferase,NonEssential,H37Rv,0.178,-1.092,1.931,False,,P9WK03
Rv0090,-,membrane protein,NonEssential,H37Rv,0.449,-3.077,4.415,False,,P9WM71
Rv0093c,-,membrane protein,NonEssential,H37Rv,0.104,-2.518,3.525,False,,P9WM69
Rv0094c,-,hypothetical protein,NonEssential,H37Rv,1.061,-1.869,5.161,False,,Q50655
Rv0095c,-,hypothetical protein,NonEssential,H37Rv,0.354,-0.535,1.638,False,,Q10891
Rv0097,-,oxidoreductase,NonEssential,H37Rv,0.565,-2.184,4.36,False,,P9WG83
Rv0100,-,hypothetical protein,NonEssential,H37Rv,0.918,-0.664,3.095,False,,P9WM65
Rv0104,-,hypothetical protein,NonEssential,H37Rv,1.226,-0.672,4.182,False,,P9WM61
Rv0106,-,hypothetical protein,NonEssential,H37Rv,0.464,-2.307,3.771,False,,P9WPI5
Rv0108c,-,hypothetical protein,NonEssential,H37Rv,0.601,-0.217,1.881,False,,O53630
Rv0110,-,integral membrane protein,NonEssential,H37Rv,0.48,-2.15,3.796,False,,O53632
Rv0111,-,transmembrane acyltransferase,NonEssential,H37Rv,-0.269,-3.704,4.031,False,,O53633
Rv0121c,-,hypothetical protein,NonEssential,H37Rv,0.405,-0.332,1.358,False,,O07171
Rv0122,-,hypothetical protein,NonEssential,H37Rv,0.493,-0.426,1.791,False,,O07172
Rv0123,-,hypothetical protein,NonEssential,H37Rv,-13.477,-22.983,-3.74,False,,O07173
Rv0128,-,transmembrane protein,NonEssential,H37Rv,0.776,-1.287,3.206,False,,P96805
Rv0133,-,N-acetyltransferase,NonEssential,H37Rv,0.223,-1.768,2.74,False,,P96810
Rv0135c,-,transcriptional regulator,NonEssential,H37Rv,-0.23,-7.019,6.778,False,,P96812
Rv0140,-,hypothetical protein,NonEssential,H37Rv,0.158,-1.189,1.661,False,,P96817
Rv0141c,-,hypothetical protein,NonEssential,H37Rv,0.796,-0.374,2.677,False,,P96818
Rv0142,-,hypothetical protein,NonEssential,H37Rv,0.369,-1.413,2.932,False,,P96819
Rv0143c,-,CIC family chloride channel protein,NonEssential,H37Rv,1.219,-0.652,4.316,False,,P96820
Rv0144,-,transcriptional regulator TetR-family,NonEssential,H37Rv,0.634,-3.041,5.571,False,,P96821
Rv0145,-,s-adenosylmethionine-dependent methyltransferase,NonEssential,H37Rv,0.656,-1.87,3.907,False,,P9WFJ1
Rv0157A,-,hypothetical protein,NonEssential,H37Rv,0.172,-1.177,2.392,False,,I6WXK8
Rv0161,-,oxidoreductase,NonEssential,H37Rv,0.727,-1.026,3.166,False,,O07406
Rv0163,-,acyl-CoA thioester hydrolase,NonEssential,H37Rv,0.132,-4.339,5.504,False,,O07408
Rv0175,-,MCE-associated membrane protein,NonEssential,H37Rv,-0.38,-3.097,2.947,False,,O07419
Rv0176,-,MCE-associated membrane protein,NonEssential,H37Rv,0.677,-2.071,4.41,False,,O07420
Rv0177,-,MCE-associated membrane protein,NonEssential,H37Rv,0.518,-0.911,2.839,False,,O07421
Rv0178,-,MCE-associated membrane protein,NonEssential,H37Rv,0.521,-0.361,1.786,False,,O07422
Rv0180c,-,YhgE/Pip domain-containing protein,NonEssential,H37Rv,0.788,-0.838,3.264,False,,O07424
Rv0181c,-,hypothetical protein,NonEssential,H37Rv,1.259,-0.472,4.076,False,,P9WI85
Rv0183,-,lysophospholipase,NonEssential,H37Rv,-0.813,-2.39,0.701,False,,O07427
Rv0184,-,hypothetical protein,NonEssential,H37Rv,0.316,-1.617,3.074,False,,O07428
Rv0185,-,hypothetical protein,NonEssential,H37Rv,-0.085,-1.411,1.598,False,,O07429
Rv0187,-,O-methyltransferase,NonEssential,H37Rv,0.5,-1.798,3.693,False,,O07431
Rv0188,-,transmembrane protein,NonEssential,H37Rv,-0.318,-3.362,3.214,False,,O07432
Rv0196,-,transcriptional regulator,NonEssential,H37Rv,0.609,-0.856,2.765,False,,P9WME1
Rv0197,-,oxidoreductase,NonEssential,H37Rv,0.847,-1.636,4.266,False,,L0T2Z1
Rv0199,-,membrane protein,NonEssential,H37Rv,-0.331,-1.415,1.051,False,,O53650
Rv0200,-,transmembrane protein,NonEssential,H37Rv,-0.076,-3.859,4.869,False,,O53651
Rv0201c,-,hypothetical protein,NonEssential,H37Rv,-0.151,-1.059,1.271,False,,O53652
Rv0203,-,exported protein,NonEssential,H37Rv,0.187,-0.598,1.316,False,,I6X8R5
Rv0204c,-,transmembrane protein,NonEssential,H37Rv,-1.42,-3.787,2.559,False,,I6Y748
Rv0205,-,membrane protein,NonEssential,H37Rv,0.239,-3.496,5.144,False,,P9WFM5
Rv0207c,-,hypothetical protein,NonEssential,H37Rv,-7.966,-17.508,2.223,False,,P96389
Rv0208c,-,methyltransferase,NonEssential,H37Rv,0.956,-0.598,3.451,False,,P9WFY9
Rv0209,-,hypothetical protein,NonEssential,H37Rv,0.41,-2.297,4.22,False,,P96391
Rv0210,-,hypothetical protein,NonEssential,H37Rv,1.17,-1.379,4.744,False,,P96392
Rv0213c,-,methyltransferase,NonEssential,H37Rv,1.316,-0.302,4.176,False,,P96395
Rv0216,-,double hotdog hydratase,NonEssential,H37Rv,-1.135,-6.577,5.069,False,,I6Y340
Rv0218,-,transmembrane protein,NonEssential,H37Rv,0.925,-1.558,4.379,False,,P96400
Rv0219,-,transmembrane protein,NonEssential,H37Rv,0.873,-2.79,5.272,False,,P96401
Rv0221,-,diacylglycerol acyltransferase,NonEssential,H37Rv,0.993,-0.413,3.221,False,,P9WKB7
Rv0223c,-,aldehyde dehydrogenase (NAD+),NonEssential,H37Rv,1.065,-0.658,4.068,False,,I6X8S7
Rv0229c,-,toxin,NonEssential,H37Rv,-0.203,-2.005,2.239,False,,L0T5V6
Rv0235c,-,transmembrane protein,NonEssential,H37Rv,1.012,-0.456,3.433,False,,P96418
Rv0236A,-,"decaprenol phosphoarabinose-dependent alpha-1,3-branching arabinosyltransferase",NonEssential,H37Rv,-11.901,-21.316,-2.107,False,,P9WLB1
Rv0238,-,transcriptional regulator TetR-family,NonEssential,H37Rv,-0.83,-2.861,2.232,False,,O53661
Rv0245,-,oxidoreductase,NonEssential,H37Rv,-0.193,-3.824,4.148,False,,O53667
Rv0246,-,integral membrane protein,NonEssential,H37Rv,0.744,-2.137,4.769,False,,O53668
Rv0247c,-,succinate dehydrogenase [iron-sulfur subunit],NonEssential,H37Rv,1.083,-0.208,3.261,False,,O53669
Rv0248c,-,succinate dehydrogenase [iron-sulfur subunit] SdhA_1,NonEssential,H37Rv,1.299,-0.54,3.974,False,,O53670
Rv0249c,-,succinate dehydrogenase [membrane anchor subunit],NonEssential,H37Rv,1.908,-0.119,5.259,False,,O53671
Rv0250c,-,hypothetical protein,NonEssential,H37Rv,0.264,-0.826,1.795,False,,O53672
Rv0257,-,hypothetical protein,NonEssential,H37Rv,0.446,-1.616,3.304,False,,L7N694
Rv0258c,-,hypothetical protein,NonEssential,H37Rv,0.393,-1.915,3.521,False,,P95215
Rv0259c,-,hypothetical protein,NonEssential,H37Rv,1.42,-0.137,4.055,False,,P95216
Rv0260c,-,transcriptional regulator,NonEssential,H37Rv,1.271,-0.289,3.901,False,,P95217
Rv0263c,-,allophanate hydrolase,NonEssential,H37Rv,0.291,-0.685,1.583,False,,P95220
Rv0264c,-,hypothetical protein,NonEssential,H37Rv,0.401,-0.723,1.883,False,,P95221
Rv0265c,-,iron complex transporter substrate-binding protein,NonEssential,H37Rv,1.415,-1.111,5.443,False,,L7N6B2
Rv0269c,-,DNA polymerase LigD,NonEssential,H37Rv,1.44,-0.403,4.283,False,,P95226
Rv0272c,-,hypothetical protein,NonEssential,H37Rv,1.534,-0.463,4.955,False,,P95229
Rv0273c,-,transcriptional regulator,NonEssential,H37Rv,1.196,-0.427,3.914,False,,O86342
Rv0274,-,glyoxalase/bleomycin resistance protein/dioxygenase,NonEssential,H37Rv,0.792,-1.762,4.612,False,,O53680
Rv0275c,-,transcriptional regulator TetR-family,NonEssential,H37Rv,0.91,-0.025,2.286,False,,L7N6A2
Rv0276,-,hypothetical protein,NonEssential,H37Rv,1.037,-0.155,2.902,False,,O53682
Rv0281,-,s-adenosylmethionine-dependent methyltransferase,NonEssential,H37Rv,0.738,-3.409,6.038,False,,P9WFI9
Rv0293c,-,hypothetical protein,NonEssential,H37Rv,1.579,-0.166,4.729,False,,O53697
Rv0295c,-,trehalose sulfotransferase,NonEssential,H37Rv,1.315,-0.208,3.824,False,,O53699
Rv0296c,-,sulfatase,NonEssential,H37Rv,1.212,-0.234,3.571,False,,Q6MX51
Rv0298,-,antitoxin,NonEssential,H37Rv,-5.201,-20.541,11.656,False,,P9WJ09
Rv0299,-,toxin,NonEssential,H37Rv,0.779,-0.65,2.696,False,,O07226
Rv0302,-,transcriptional regulator TetR/AcrR-family,NonEssential,H37Rv,0.909,-1.114,3.781,False,,O07229
Rv0303,-,light-dependent protochlorophyllide reductase,NonEssential,H37Rv,0.451,-2.825,5.013,False,,O07230
Rv0306,-,"cob(II)yrinic acid a,c-diamide reductase",NonEssential,H37Rv,0.523,-2.809,4.328,False,,O07233
Rv0307c,-,hypothetical protein,NonEssential,H37Rv,-0.138,-1.551,1.697,False,,O07234
Rv0308,-,integral membrane protein,NonEssential,H37Rv,-0.091,-4.991,5.409,False,,O07235
Rv0309,-,exported protein,NonEssential,H37Rv,-0.169,-1.52,2.243,False,,O07236
Rv0310c,-,hypothetical protein,NonEssential,H37Rv,0.502,-0.246,1.631,False,,O07237
Rv0311,-,hypothetical protein,NonEssential,H37Rv,1.27,-1.202,4.906,False,,O07238
Rv0312,-,proline and threonine rich protein,NonEssential,H37Rv,0.867,-1.042,3.986,False,,O07239
Rv0316,-,muconolactone delta-isomerase,NonEssential,H37Rv,0.374,-1.778,3.08,False,,O07243
Rv0318c,-,ZIP family zinc transporter,NonEssential,H37Rv,1.123,-4.937,7.813,False,,Q6MX47
Rv0320,-,exported protein NLP/P60 family member,NonEssential,H37Rv,1.011,-0.459,3.473,False,,O07246
Rv0323c,-,hypothetical protein,NonEssential,H37Rv,0.593,-0.316,1.96,False,,L0T643
Rv0324,-,transcriptional regulator ArsR-family,NonEssential,H37Rv,0.799,-0.483,2.681,False,,O08446
Rv0325,-,hypothetical protein,NonEssential,H37Rv,0.332,-0.384,1.28,False,,O07250
Rv0326,-,hypothetical protein,NonEssential,H37Rv,0.293,-3.926,5.387,False,,O07251
Rv0328,-,transcriptional regulator TetR/AcrR-family,NonEssential,H37Rv,0.676,-0.194,1.948,False,,O07252
Rv0329c,-,hypothetical protein,NonEssential,H37Rv,0.348,-1.064,2.265,False,,O07253
Rv0330c,-,hypothetical protein,NonEssential,H37Rv,1.225,-0.741,4.619,False,,O07254
Rv0331,-,oxidoreductase,NonEssential,H37Rv,0.319,-3.22,4.821,False,,O07255
Rv0332,-,hypothetical protein,NonEssential,H37Rv,0.477,-2.709,4.705,False,,O07256
Rv0333,-,hypothetical protein,NonEssential,H37Rv,-0.047,-0.912,1.205,False,,O33273
Rv0339c,-,transcriptional regulator,NonEssential,H37Rv,1.191,-0.467,3.658,False,,O33269
Rv0340,-,hypothetical protein,NonEssential,H37Rv,-2.314,-4.722,0.502,False,,O33270
Rv0345,-,hypothetical protein,NonEssential,H37Rv,0.639,-0.172,1.863,False,,O06296
Rv0348,-,transcriptional regulator,NonEssential,H37Rv,1.173,-0.099,3.377,False,,O06299
Rv0349,-,hypothetical protein,NonEssential,H37Rv,0.883,-0.449,3.091,False,,O06300
Rv0356c,-,hypothetical protein,NonEssential,H37Rv,0.365,-1.815,3.045,False,,O06307
Rv0359,-,integral membrane protein,NonEssential,H37Rv,0.343,-3.247,5.468,False,,L0T550
Rv0360c,-,hypothetical protein,NonEssential,H37Rv,-2.665,-10.779,6.785,False,,O06310
Rv0361,-,membrane protein,NonEssential,H37Rv,0.401,-2.114,3.711,False,,O06311
Rv0365c,-,hypothetical protein,NonEssential,H37Rv,0.943,-0.527,3.4,False,,O06315
Rv0366c,-,hypothetical protein,NonEssential,H37Rv,0.649,-0.931,2.951,False,,O53701
Rv0367c,-,hypothetical protein,NonEssential,H37Rv,-0.568,-2.364,1.194,False,,O53702
Rv0368c,-,hypothetical protein,NonEssential,H37Rv,0.935,-0.398,2.955,False,,O53703
Rv0369c,-,membrane oxidoreductase,NonEssential,H37Rv,0.502,-0.424,1.86,False,,O53704
Rv0370c,-,oxidoreductase,NonEssential,H37Rv,1.184,-0.072,3.285,False,,O53705
Rv0371c,-,hypothetical protein,NonEssential,H37Rv,0.39,-0.326,1.434,False,,I6WY86
Rv0372c,-,xanthine dehydrogenase accessory factor,NonEssential,H37Rv,0.833,-1.02,3.553,False,,O53707
Rv0373c,-,carbon-monoxide dehydrogenase large subunit,NonEssential,H37Rv,1.226,-0.446,4.027,False,,O53708
Rv0374c,-,carbon-monoxide dehydrogenase small subunit,NonEssential,H37Rv,0.93,-1.363,4.063,False,,O53709
Rv0375c,-,carbon-monoxide dehydrogenase medium subunit,NonEssential,H37Rv,1.189,-0.577,4.292,False,,I6Y7N2
Rv0376c,-,xanthine dehydrogenase accessory factor,NonEssential,H37Rv,0.676,-1.172,3.617,False,,O53711
Rv0377,-,transcriptional regulator LysR-family,NonEssential,H37Rv,0.555,-3.087,5.492,False,,P9WMF7
Rv0380c,-,methyltransferase,NonEssential,H37Rv,0.353,-0.519,1.828,False,,O53715
Rv0381c,-,hypothetical protein,NonEssential,H37Rv,0.694,-1.578,3.758,False,,O53716
Rv0386,-,transcriptional regulator LuxR/UhpA-family,NonEssential,H37Rv,0.979,-2.07,5.085,False,,O53720
Rv0387c,-,PPE family protein,NonEssential,H37Rv,1.127,-0.341,3.582,False,,L0T6I4
Rv0390,-,hypothetical protein,NonEssential,H37Rv,-0.19,-5.558,5.843,False,,P95198
Rv0393,-,13E12 repeat family protein,NonEssential,H37Rv,0.251,-2.753,3.919,False,,P95201
Rv0394c,-,secreted protein,NonEssential,H37Rv,0.905,-0.63,3.383,False,,P95202
Rv0395,-,hypothetical protein,NonEssential,H37Rv,0.53,-2.643,4.469,False,,P95203
Rv0396,-,hypothetical protein,NonEssential,H37Rv,0.352,-0.646,1.664,False,,P95204
Rv0397,-,13E12 repeat family protein,NonEssential,H37Rv,0.359,-1.532,2.878,False,,P95205
Rv0397A,-,hypothetical protein,NonEssential,H37Rv,0.802,-0.415,2.669,False,,I6Y3N9
Rv0398c,-,secreted protein,NonEssential,H37Rv,1.085,-0.351,3.46,False,,P95206
Rv0401,-,transmembrane protein,NonEssential,H37Rv,-1.366,-3.612,1.038,False,,P95210
Rv0406c,-,beta-lactamase like protein,NonEssential,H37Rv,0.854,-0.647,3.385,False,,O86336
Rv0412c,-,membrane protein,NonEssential,H37Rv,-3.284,-7.648,2.402,False,,P96258
Rv0420c,-,transmembrane protein,NonEssential,H37Rv,0.585,-0.425,2.095,False,,P96266
Rv0421c,-,hypothetical protein,NonEssential,H37Rv,0.928,-0.785,3.753,False,,P96267
Rv0424c,-,hypothetical protein,NonEssential,H37Rv,0.764,-0.816,3.021,False,,P96270
Rv0426c,-,transmembrane protein,NonEssential,H37Rv,0.782,-0.794,3.057,False,,P96272
Rv0428c,-,N-acetyltransferase,NonEssential,H37Rv,0.945,-0.345,3.135,False,,P96274
Rv0431,-,hypothetical protein,NonEssential,H37Rv,-9.753,-14.899,-3.132,False,,P96277
Rv0433,-,carboxylate-amine ligase,NonEssential,H37Rv,0.41,-2.372,3.991,False,,P9WPK9
Rv0434,-,hypothetical protein,NonEssential,H37Rv,0.548,-0.513,2.151,False,,P96280
Rv0435c,-,transitional endoplasmic reticulum ATPase,NonEssential,H37Rv,1.189,-0.366,3.754,False,,P96281
Rv0439c,-,oxidoreductase,NonEssential,H37Rv,0.319,-0.702,1.713,False,,O53726
Rv0441c,-,hypothetical protein,NonEssential,H37Rv,0.332,-0.468,1.4,False,,P9WKW3
Rv0443,-,hypothetical protein,NonEssential,H37Rv,0.966,-0.374,2.741,False,,O53728
Rv0446c,-,transmembrane protein,NonEssential,H37Rv,0.857,-0.321,2.482,False,,O53731
Rv0448c,-,hypothetical protein,NonEssential,H37Rv,1.229,-0.211,3.683,False,,O53733
Rv0449c,-,hypothetical protein,NonEssential,H37Rv,0.91,-0.589,3.401,False,,O53734
Rv0452,-,transcriptional regulator,NonEssential,H37Rv,0.492,-1.74,3.771,False,,O53737
Rv0454,-,hypothetical protein,NonEssential,H37Rv,-0.19,-2.413,2.389,False,,O86364
Rv0455c,-,hypothetical protein,NonEssential,H37Rv,-3.437,-7.202,1.943,False,,O53740
Rv0457c,-,prolyl oligopeptidase,NonEssential,H37Rv,1.614,-0.24,4.583,False,,O07178
Rv0458,-,aldehyde dehydrogenase (NAD+),NonEssential,H37Rv,0.165,-1.73,3.237,False,,P9WNY1
Rv0459,-,hypothetical protein,NonEssential,H37Rv,-0.028,-4.096,5.378,False,,O53744
Rv0460,-,hydrophobic protein,NonEssential,H37Rv,1.179,-0.309,3.471,False,,O53745
Rv0463,-,membrane protein,NonEssential,H37Rv,0.768,-1.074,3.742,False,,O53748
Rv0464c,-,alkylhydroperoxidase AhpD family core domain-containing protein,NonEssential,H37Rv,0.632,-0.504,2.416,False,,O53749
Rv0465c,-,transcriptional regulator,NonEssential,H37Rv,1.105,-0.392,3.673,False,,P9WMI1
Rv0466,-,hypothetical protein,NonEssential,H37Rv,0.739,-0.9,3.505,False,,O53751
Rv0480c,-,hydrolase,NonEssential,H37Rv,0.863,-0.525,3.269,False,,P9WJ01
Rv0481c,-,hypothetical protein,NonEssential,H37Rv,-1.891,-8.626,5.274,False,,P9WKV5
Rv0485,-,transcriptional regulator,NonEssential,H37Rv,0.835,-1.488,3.904,False,,P9WKV1
Rv0487,-,hypothetical protein,NonEssential,H37Rv,0.923,-0.437,3.168,False,,P9WKU9
Rv0488,-,l-lysine exporter,NonEssential,H37Rv,0.236,-3.522,4.945,False,,P9WK33
Rv0492A,-,hypothetical protein,NonEssential,H37Rv,1.39,-0.054,4.03,False,,Q6MX36
Rv0492c,-,oxidoreductase,NonEssential,H37Rv,0.821,-0.457,3.06,False,,P9WMV7
Rv0493c,-,hypothetical protein,NonEssential,H37Rv,1.172,-0.251,3.401,False,,P9WKU7
Rv0494,-,transcriptional regulator GntR-family,NonEssential,H37Rv,1.387,-0.185,3.936,False,,P9WMG7
Rv0495c,-,hypothetical protein,NonEssential,H37Rv,-1.57,-4,1.943,False,,P9WKU5
Rv0496,-,exopolyphosphatase,NonEssential,H37Rv,1.15,-0.299,3.556,False,,P9WHV5
Rv0497,-,transmembrane protein,NonEssential,H37Rv,-1.147,-2.791,1.133,False,,P9WKU3
Rv0498,-,hypothetical protein,NonEssential,H37Rv,1.196,-0.38,3.789,False,,P9WKU1
Rv0499,-,hypothetical protein,NonEssential,H37Rv,-0.097,-3.892,4.101,False,,P9WKT9
Rv0500A,-,excisionase,NonEssential,H37Rv,0.366,-2.177,4.721,False,,P9WKT7
Rv0500B,-,hypothetical protein,NonEssential,H37Rv,-5.878,-20.698,11.073,False,,P9WKT5
Rv0502,-,hypothetical protein,NonEssential,H37Rv,0.135,-3.017,4.776,False,,P9WKT1
Rv0504c,-,hypothetical protein,NonEssential,H37Rv,-2.784,-7.726,2.637,False,,P9WFK3
Rv0508,-,hypothetical protein,NonEssential,H37Rv,-1.087,-2.43,0.901,False,,P9WKS9
Rv0513,-,transmembrane protein,NonEssential,H37Rv,0.36,-3.858,5.323,False,,O33358
Rv0514,-,transmembrane protein,NonEssential,H37Rv,0.454,-0.604,1.749,False,,O33359
Rv0515,-,13E12 repeat family protein,NonEssential,H37Rv,0.463,-2.254,3.631,False,,O33360
Rv0521,-,methyltransferase,NonEssential,H37Rv,-0.51,-1.8,0.791,False,,L7N6C0
Rv0523c,-,deazaflavin-dependent nitroreductase,NonEssential,H37Rv,0.606,-0.417,2.373,False,,O06389
Rv0530,-,hypothetical protein,NonEssential,H37Rv,0.5,-2.334,4.25,False,,O06396
Rv0531,-,membrane protein,NonEssential,H37Rv,-3.852,-9.106,1.902,False,,O06397
Rv0537c,-,membrane protein,NonEssential,H37Rv,1.313,-0.486,4.475,False,,O06403
Rv0538,-,membrane protein,NonEssential,H37Rv,0.753,-2.615,5.278,False,,O06404
Rv0539,-,glycosyltransferase,NonEssential,H37Rv,-0.699,-3.35,2.479,False,,P9WMY1
Rv0540,-,hypothetical protein,NonEssential,H37Rv,0.024,-1.553,2.099,False,,O06406
Rv0541c,-,integral membrane protein,NonEssential,H37Rv,-0.11,-1.097,0.913,False,,O06407
Rv0544c,-,transmembrane protein,NonEssential,H37Rv,-1.56,-5.751,3.095,False,,O06410
Rv0546c,-,lactoylglutathione lyase,NonEssential,H37Rv,0.936,-0.448,3.195,False,,O06412
Rv0547c,-,oxidoreductase,NonEssential,H37Rv,-0.085,-2.256,2.518,False,,O06413
Rv0552,-,hypothetical protein,NonEssential,H37Rv,-0.129,-3.373,3.393,False,,O06418
Rv0559c,-,secreted protein,NonEssential,H37Rv,1.127,-0.022,2.845,False,,P9WKL3
Rv0560c,-,benzoquinone methyltransferase,NonEssential,H37Rv,0.798,-0.601,3.108,False,,P9WKL5
Rv0561c,-,oxidoreductase,NonEssential,H37Rv,0.725,-0.749,3.131,False,,P9WNY9
Rv0565c,-,monooxygenase,NonEssential,H37Rv,1.224,-0.352,3.912,False,,O53762
Rv0566c,-,hypothetical protein,NonEssential,H37Rv,1.258,-0.126,3.513,False,,P9WFK9
Rv0567,-,methyltransferase,NonEssential,H37Rv,1.196,-1.444,4.681,False,,O53764
Rv0569,-,hypothetical protein,NonEssential,H37Rv,0.021,-1.816,2.974,False,,P9WM83
Rv0571c,-,hypothetical protein,NonEssential,H37Rv,0.981,-1.235,4.28,False,,P9WHK1
Rv0572c,-,hypothetical protein,NonEssential,H37Rv,0.526,-0.824,2.583,False,,P9WM81
Rv0574c,-,poly-gamma-glutamate synthesis protein (capsule biosynthesis protein),NonEssential,H37Rv,1.109,-0.444,3.677,False,,P9WM79
Rv0575c,-,oxidoreductase,NonEssential,H37Rv,1.232,-0.338,3.867,False,,O53772
Rv0576,-,transcriptional regulator ArsR-family,NonEssential,H37Rv,1.133,-0.423,3.686,False,,O53773
Rv0579,-,hypothetical protein,NonEssential,H37Rv,-0.542,-5.424,5.759,False,,O53776
Rv0580c,-,hypothetical protein,NonEssential,H37Rv,1.037,-0.506,3.712,False,,O53777
Rv0584,-,exported protein,NonEssential,H37Rv,0.826,-1.558,4.532,False,,O86365
Rv0585c,-,integral membrane protein,NonEssential,H37Rv,1.35,-0.347,4.293,False,,O53781
Rv0590A,-,ABC transporter substrate-binding protein,NonEssential,H37Rv,1.569,-0.335,4.59,False,,I6X9D2
Rv0597c,-,ATPase,NonEssential,H37Rv,1.054,-0.568,3.669,False,,I6WYU2
Rv0600c,-,two-component system sensor histidine kinase,NonEssential,H37Rv,1.257,-1.106,4.981,False,,O07778
Rv0601c,-,two-component system sensor histidine kinase,NonEssential,H37Rv,0.623,-0.575,2.418,False,,O07777
Rv0603,-,exported protein,NonEssential,H37Rv,-0.651,-2.151,1.063,False,,O07775
Rv0605,-,resolvase,NonEssential,H37Rv,0.771,-1.734,4.691,False,,I6Y890
Rv0606,-,transposase,NonEssential,H37Rv,0.827,-1.002,3.421,False,,O07772
Rv0610c,-,hypothetical protein,NonEssential,H37Rv,1.221,-0.541,4.007,False,,I6Y481
Rv0611c,-,hypothetical protein,NonEssential,H37Rv,0.048,-1.089,1.484,False,,I6XVR9
Rv0612,-,hypothetical protein,NonEssential,H37Rv,0.803,-0.271,2.654,False,,I6X9E8
Rv0613c,-,hypothetical protein,NonEssential,H37Rv,0.249,-1.288,2.497,False,,I6Y897
Rv0614,-,galactose-1-phosphate uridylyltransferase,NonEssential,H37Rv,0.311,-4.191,6.068,False,,O07763
Rv0615,-,membrane protein,NonEssential,H37Rv,0.215,-1.1,1.998,False,,O07762
Rv0616c,-,hypothetical protein,NonEssential,H37Rv,0.984,-0.115,2.743,False,,O07761
Rv0621,-,membrane protein,NonEssential,H37Rv,0.504,-3.128,5.22,False,,I6X9F4
Rv0622,-,membrane protein,NonEssential,H37Rv,0.363,-2.87,4.997,False,,P96912
Rv0625c,-,TVP38/TMEM64 family membrane protein,NonEssential,H37Rv,1.493,-0.296,4.441,False,,P9WFS5
Rv0628c,-,hypothetical protein,NonEssential,H37Rv,0.995,-1.49,4.491,False,,P9WKS7
Rv0633c,-,exported protein,NonEssential,H37Rv,1.013,-0.477,3.472,False,,P96923
Rv0634A,-,hypothetical protein,NonEssential,H37Rv,1.01,-0.05,2.702,False,,P9WKS5
Rv0634c,-,hydroxyacylglutathione hydrolase,NonEssential,H37Rv,1.614,-0.477,5.263,False,,I6Y4A5
Rv0648,-,alpha-mannosidase,NonEssential,H37Rv,0.515,-2.437,4.338,False,,P96937
Rv0650,-,glucokinase,NonEssential,H37Rv,-0.146,-5.869,5.966,False,,I6Y8D3
Rv0653c,-,transcriptional regulator TetR-family,NonEssential,H37Rv,0.48,-1.476,2.934,False,,P96941
Rv0658c,-,integral membrane protein,NonEssential,H37Rv,1.126,-0.466,3.81,False,,O06781
Rv0669c,-,hydrolase,NonEssential,H37Rv,1.679,0.106,4.133,False,,O06769
Rv0674,-,phenylacetic acid degradation operon negative regulatory protein,NonEssential,H37Rv,0.743,-0.904,3.054,False,,I6WZ26
Rv0678,-,hypothetical protein,NonEssential,H37Rv,0.59,-0.591,2.437,False,,I6Y8F7
Rv0679c,-,threonine rich protein,NonEssential,H37Rv,0.898,-0.723,3.477,False,,I6WZ30
Rv0680c,-,transmembrane protein,NonEssential,H37Rv,0.351,-0.772,1.847,False,,I6Y4F1
Rv0681,-,transcriptional regulator TetR-family,NonEssential,H37Rv,-0.087,-3.117,3.492,False,,O53789
Rv0686,-,membrane protein,NonEssential,H37Rv,1.452,-0.415,4.483,False,,I6XVZ6
Rv0687,-,SDR family oxidoreductase,NonEssential,H37Rv,0.322,-0.449,1.441,False,,P9WGS7
Rv0688,-,oxidoreductase,NonEssential,H37Rv,0.731,-2.315,5.028,False,,P95034
Rv0689c,-,hypothetical protein,NonEssential,H37Rv,0.057,-1.931,2.049,False,,I6WZ39
Rv0690c,-,hypothetical protein,NonEssential,H37Rv,0.851,-0.325,2.613,False,,I6Y4G1
Rv0691A,-,mycofactocin protein,NonEssential,H37Rv,0.501,-0.581,2.14,False,,P9WJ81
Rv0691c,-,mycofactocin system transcriptional regulator,NonEssential,H37Rv,0.7,-0.787,2.911,False,,P9WMB7
Rv0692,-,mycofactocin system RPExFGAL protein,NonEssential,H37Rv,1.119,-0.633,3.635,False,,P95038
Rv0695,-,"creatinine amidohydrolase, mycofactocin system protein",NonEssential,H37Rv,-0.084,-2.892,2.798,False,,P9WP59
Rv0696,-,mycofactocin system glycosyltransferase,NonEssential,H37Rv,0.083,-3.709,4.556,False,,P9WMX1
Rv0698,-,hypothetical protein,NonEssential,H37Rv,-0.316,-2.594,2.193,False,,P95044
Rv0699,-,hypothetical protein,NonEssential,H37Rv,-1.581,-7.621,5.132,False,,P95046
Rv0712,-,hypothetical protein,NonEssential,H37Rv,0.684,-0.788,3.008,False,,I6Y8I5
Rv0713,-,transmembrane protein,NonEssential,H37Rv,1.09,-1.621,4.924,False,,I6WZ58
Rv0725c,-,hypothetical protein,NonEssential,H37Rv,0.918,-0.642,3.371,False,,P95073
Rv0726c,-,s-adenosylmethionine-dependent methyltransferase,NonEssential,H37Rv,1.532,-0.045,4.21,False,,P9WFI7
Rv0737,-,transcriptional regulator,NonEssential,H37Rv,-0.492,-4.11,3.503,False,,I6Y8K3
Rv0739,-,hypothetical protein,NonEssential,H37Rv,1.079,-2.057,5.551,False,,P9WKS1
Rv0740,-,hypothetical protein,NonEssential,H37Rv,0.306,-0.835,1.734,False,,O53803
Rv0741,-,transposase,NonEssential,H37Rv,0.564,-0.96,2.868,False,,I6X9N4
Rv0743c,-,hypothetical protein,NonEssential,H37Rv,1.032,-0.274,3.079,False,,I6WZ83
Rv0744c,-,transcriptional regulator,NonEssential,H37Rv,-0.979,-4.473,2.643,False,,O53807
Rv0745,-,hypothetical protein,NonEssential,H37Rv,0.204,-1.584,2.332,False,,I6X9N8
Rv0749A,-,hypothetical protein,NonEssential,H37Rv,1.423,-0.308,4.207,False,,I6X9Q1
Rv0750,-,hypothetical protein,NonEssential,H37Rv,1.003,-2.485,5.413,False,,O53813
Rv0756c,-,hypothetical protein,NonEssential,H37Rv,0.633,-0.623,2.414,False,,P71813
Rv0759c,-,hit-like protein,NonEssential,H37Rv,-0.038,-1.337,1.815,False,,P9WML3
Rv0760c,-,steroid delta-isomerase,NonEssential,H37Rv,0.8,-0.218,2.325,False,,I6WZD7
Rv0762c,-,hypothetical protein,NonEssential,H37Rv,1.414,-0.247,4.131,False,,I6XW93
Rv0765c,-,oxidoreductase,NonEssential,H37Rv,1.302,-0.275,3.913,False,,I6WZD9
Rv0767c,-,hypothetical protein,NonEssential,H37Rv,0.805,-0.381,2.514,False,,P9WMD7
Rv0769,-,3-oxoacyl-[acyl-carrier protein] reductase,NonEssential,H37Rv,0.384,-3.692,5.311,False,,P9WGQ9
Rv0770,-,dehydrogenase/reductase,NonEssential,H37Rv,0.35,-0.696,2.032,False,,P9WNY3
Rv0771,-,4-carboxymuconolactone decarboxylase,NonEssential,H37Rv,-2.947,-12.9,6.718,False,,I6Y4S7
Rv0774c,-,exported protein,NonEssential,H37Rv,1.258,-0.35,3.833,False,,I6Y8R4
Rv0775,-,hypothetical protein,NonEssential,H37Rv,0.191,-0.864,1.664,False,,P71830
Rv0776c,-,hypothetical protein,NonEssential,H37Rv,-0.162,-1.712,1.704,False,,I6Y4S9
Rv0779c,-,transmembrane protein,NonEssential,H37Rv,1.409,-0.232,4.172,False,,P71833
Rv0784,-,hypothetical protein,NonEssential,H37Rv,0.156,-3.058,4.423,False,,P71837
Rv0785,-,KsdD-like steroid dehydrogenase,NonEssential,H37Rv,0.728,-2.127,4.591,False,,P71838
Rv0786c,-,hypothetical protein,NonEssential,H37Rv,0.935,-0.349,2.974,False,,P71839
Rv0787,-,hypothetical protein,NonEssential,H37Rv,1.188,-0.885,4.481,False,,P71840
Rv0789c,-,hypothetical protein,NonEssential,H37Rv,1.645,-0.36,4.831,False,,I6Y4U0
Rv0790c,-,hypothetical protein,NonEssential,H37Rv,1.555,-0.389,4.885,False,,I6XWA9
Rv0791c,-,hypothetical protein,NonEssential,H37Rv,1.523,-0.25,4.908,False,,I6X9T8
Rv0792c,-,transcriptional regulator GntR-family,NonEssential,H37Rv,1.102,-0.551,3.601,False,,O86331
Rv0793,-,monooxygenase,NonEssential,H37Rv,-0.541,-1.41,0.378,False,,O86332
Rv0794c,-,dihydrolipoamide dehydrogenase,NonEssential,H37Rv,1.502,-0.252,4.522,False,,I6Y4U4
Rv0795,-,transposase,NonEssential,H37Rv,-4.012,-14.787,6.063,False,,P9WKH5
Rv0796,-,transposase,NonEssential,H37Rv,-3.919,-13.511,6.003,False,,P9WKH9
Rv0797,-,transposase,NonEssential,H37Rv,0.351,-1.722,2.618,False,,O07182
Rv0799c,-,dyp-type peroxidase,NonEssential,H37Rv,1.52,-0.396,4.636,False,,I6Y4U9
Rv0801,-,hypothetical protein,NonEssential,H37Rv,0.273,-0.6,1.418,False,,O06633
Rv0802c,-,succinyltransferase,NonEssential,H37Rv,1.506,-0.24,4.381,False,,P9WQG7
Rv0804,-,hypothetical protein,NonEssential,H37Rv,0.618,-0.164,1.668,False,,I6Y4V2
Rv0805,-,cyclic nucleotide phosphodiesterase,NonEssential,H37Rv,1.537,-0.569,5.085,False,,P9WP65
Rv0807,-,hypothetical protein,NonEssential,H37Rv,-0.167,-5.219,5.432,False,,I6Y8U3
Rv0825c,-,hypothetical protein,NonEssential,H37Rv,0.263,-1.385,2.829,False,,O53836
Rv0826,-,hypothetical protein,NonEssential,H37Rv,0.505,-1.366,3.709,False,,O53837
Rv0828c,-,deaminase,NonEssential,H37Rv,0.706,-0.486,2.604,False,,O53839
Rv0829,-,transposase,NonEssential,H37Rv,-2.537,-13.688,8.813,False,,O53840
Rv0830,-,s-adenosylmethionine-dependent methyltransferase,NonEssential,H37Rv,1.269,-0.375,4.296,False,,P9WFI3
Rv0831c,-,hypothetical protein,NonEssential,H37Rv,1.406,-0.443,4.321,False,,O53842
Rv0836c,-,hypothetical protein,NonEssential,H37Rv,1.101,-0.366,3.801,False,,O53848
Rv0837c,-,hypothetical protein,NonEssential,H37Rv,-0.124,-6.258,6.289,False,,I6Y4Y1
Rv0839,-,hypothetical protein,NonEssential,H37Rv,0.974,-2.763,5.92,False,,I6X9X6
Rv0841,-,transmembrane protein,NonEssential,H37Rv,0.091,-0.657,1.271,False,,I6WZK3
Rv0842,-,integral membrane protein,NonEssential,H37Rv,-0.367,-3.799,4.274,False,,O53854
Rv0843,-,pyruvate dehydrogenase E1 component,NonEssential,H37Rv,0.683,-2.912,5.392,False,,I6XWE5
Rv0845,-,NarL family two-component system sensor histidine kinase,NonEssential,H37Rv,0.983,-1.038,3.875,False,,O53857
Rv0846c,-,oxidoreductase,NonEssential,H37Rv,1.511,-0.692,5.013,False,,I6WZK7
Rv0849,-,integral membrane transporter,NonEssential,H37Rv,0.988,-1.37,3.432,False,,P9WJX5
Rv0850,-,transposase,NonEssential,H37Rv,0.857,-0.04,2.337,False,,I6Y8X8
Rv0851c,-,oxidoreductase,NonEssential,H37Rv,0.654,-1.089,3.39,False,,O53863
Rv0854,-,hypothetical protein,NonEssential,H37Rv,0.288,-0.555,1.562,False,,I6X9Y7
Rv0856,-,hypothetical protein,NonEssential,H37Rv,-0.177,-3.247,3.537,False,,O53868
Rv0857,-,hypothetical protein,NonEssential,H37Rv,0.977,-0.866,3.594,False,,I6Y4Z9
Rv0862c,-,hypothetical protein,NonEssential,H37Rv,1.152,-0.29,3.678,False,,O53874
Rv0863,-,hypothetical protein,NonEssential,H37Rv,0.103,-1.173,2.114,False,,I6XWF9
Rv0870c,-,integral membrane protein,NonEssential,H37Rv,1.268,-0.226,3.678,False,,I6Y8Z3
Rv0874c,-,hypothetical protein,NonEssential,H37Rv,0.968,-0.704,3.423,False,,P9WKR9
Rv0875c,-,exported protein,NonEssential,H37Rv,-1.097,-4.696,3.611,False,,P9WKR7
Rv0876c,-,transmembrane protein,NonEssential,H37Rv,-3.37,-6.259,0.754,False,,P9WKR5
Rv0879c,-,transmembrane protein,NonEssential,H37Rv,-4.226,-9.626,1.772,False,,P9WKR1
Rv0881,-,methyltransferase,NonEssential,H37Rv,-0.419,-5.524,5.507,False,,P9WFY3
Rv0882,-,transmembrane protein,NonEssential,H37Rv,0.228,-0.901,1.614,False,,P9WKQ9
Rv0885,-,hypothetical protein,NonEssential,H37Rv,1.187,-0.697,4.455,False,,P9WKQ5
Rv0887c,-,protein PhnB,NonEssential,H37Rv,0.887,-0.644,3.363,False,,P9WKQ3
Rv0888,-,exported protein,NonEssential,H37Rv,1.451,-0.386,4.269,False,,P9WKQ1
Rv0890c,-,transcriptional regulator LuxR-family,NonEssential,H37Rv,1.436,-0.129,3.807,False,,P9WMG1
Rv0891c,-,transcriptional regulator,NonEssential,H37Rv,1.121,-0.591,3.663,False,,P9WMV1
Rv0892,-,monooxygenase,NonEssential,H37Rv,0.881,-1.836,4.512,False,,P9WNG1
Rv0893c,-,s-adenosylmethionine-dependent methyltransferase,NonEssential,H37Rv,1.331,-1.668,5.734,False,,P9WFI1
Rv0894,-,transcriptional regulator LuxR-family,NonEssential,H37Rv,0.417,-1.359,2.984,False,,P9WKP9
Rv0895,-,diacylglycerol acyltransferase,NonEssential,H37Rv,0.896,-0.74,3.533,False,,P9WKA3
Rv0897c,-,oxidoreductase,NonEssential,H37Rv,1.228,-0.764,4.542,False,,P9WKP7
Rv0900,-,membrane protein,NonEssential,H37Rv,-0.813,-3.392,2.23,False,,P9WJG7
Rv0901,-,exported or membrane protein,NonEssential,H37Rv,0.637,-2.008,3.627,False,,P9WJG5
Rv0906,-,hypothetical protein,NonEssential,H37Rv,0.583,-3.451,5.277,False,,P9WKP3
Rv0907,-,beta-lactamase,NonEssential,H37Rv,0.641,-2.078,4.507,False,,O05900
Rv0909,-,hypothetical protein,NonEssential,H37Rv,-0.404,-3.273,3.101,False,,P9WJ07
Rv0910,-,hypothetical protein,NonEssential,H37Rv,0.18,-0.746,1.267,False,,P9WJ05
Rv0911,-,hypothetical protein,NonEssential,H37Rv,0.386,-3.692,5.554,False,,I6XA34
Rv0912,-,transmembrane protein,NonEssential,H37Rv,0.918,-0.777,3.68,False,,O05904
Rv0913c,-,carotenoid cleavage dioxygenase,NonEssential,H37Rv,1.883,-0.107,5.303,False,,I6Y551
Rv0914c,-,acetyl-CoA acetyltransferase,NonEssential,H37Rv,1.213,-0.019,3.159,False,,I6XWJ8
Rv0918,-,hypothetical protein,NonEssential,H37Rv,0.161,-0.565,1.175,False,,O05910
Rv0919,-,N-acetyltransferase,NonEssential,H37Rv,1,-0.645,3.583,False,,I6XA42
Rv0920c,-,transposase,NonEssential,H37Rv,1.283,-0.674,4.373,False,,I6Y941
Rv0921,-,resolvase,NonEssential,H37Rv,0.575,-0.243,1.783,False,,I6WZS4
Rv0922,-,transposase,NonEssential,H37Rv,0.591,-2.112,4.258,False,,I6Y560
Rv0923c,-,hypothetical protein,NonEssential,H37Rv,0.89,-0.411,3.178,False,,I6XWK6
Rv0925c,-,manganese transporter,NonEssential,H37Rv,0.346,-0.637,1.917,False,,I6Y946
Rv0926c,-,dihydrodipicolinate reductase,NonEssential,H37Rv,0.823,-0.528,3.075,False,,I6WZS8
Rv0927c,-,7-alpha-hydroxysteroid dehydrogenase,NonEssential,H37Rv,1.001,-0.828,3.86,False,,P9WGQ5
Rv0939,-,"bifunctional enzyme 2-hydroxyhepta-2,4-diene-1,7-dioate isomerase",NonEssential,H37Rv,0.771,-1.135,3.389,False,,O86346
Rv0940c,-,oxidoreductase,NonEssential,H37Rv,1.127,-2.182,5.867,False,,P9WKP1
Rv0941c,-,anti-anti-sigma factor,NonEssential,H37Rv,1.363,-0.428,4.329,False,,P71568
Rv0942,-,hypothetical protein,NonEssential,H37Rv,0.859,-0.855,3.54,False,,P9WKN9
Rv0943c,-,oxidoreductase,NonEssential,H37Rv,1.385,-0.742,4.646,False,,P9WKN7
Rv0944,-,formamidopyrimidine-DNA glycosylase,NonEssential,H37Rv,0.392,-1.276,2.63,False,,L0T864
Rv0945,-,oxidoreductase,NonEssential,H37Rv,0.767,-0.643,2.964,False,,P9WGR7
Rv0950c,-,hypothetical protein,NonEssential,H37Rv,-0.12,-1.883,2.721,False,,P71560
Rv0953c,-,oxidoreductase,NonEssential,H37Rv,0.928,-0.418,2.781,False,,P9WKN5
Rv0954,-,transmembrane protein,NonEssential,H37Rv,-3.251,-4.195,-2.277,False,,P9WIR9
Rv0955,-,integral membrane protein,NonEssential,H37Rv,-2.19,-5.598,2.619,False,,P9WKN3
Rv0958,-,magnesium chelatase,NonEssential,H37Rv,0.172,-2.071,3.218,False,,P71552
Rv0959,-,hypothetical protein,NonEssential,H37Rv,0.882,-1.561,4.531,False,,P9WKN1
Rv0961,-,membrane protein,NonEssential,H37Rv,1.097,-1.227,4.473,False,,P9WKM9
Rv0963c,-,hypothetical protein,NonEssential,H37Rv,0.624,-2.35,4.338,False,,P9WKM7
Rv0964c,-,hypothetical protein,NonEssential,H37Rv,0.723,-0.264,2.23,False,,P9WKM5
Rv0965c,-,hypothetical protein,NonEssential,H37Rv,1.208,-1.197,4.414,False,,P9WKM3
Rv0966c,-,hypothetical protein,NonEssential,H37Rv,0.711,-0.526,2.636,False,,P9WKM1
Rv0968,-,hypothetical protein,NonEssential,H37Rv,0.257,-0.845,1.808,False,,P9WKL9
Rv0970,-,integral membrane protein,NonEssential,H37Rv,0.576,-1.803,3.817,False,,P9WKL7
Rv0976c,-,hypothetical protein,NonEssential,H37Rv,1.238,-0.265,3.918,False,,O86320
Rv0986,-,adhesion component transport ABC transporter ATP-binding protein,NonEssential,H37Rv,1.022,-2.74,5.793,False,,P9WQK1
Rv0987,-,adhesion component transport ABC transporter transmembrane protein,NonEssential,H37Rv,1.12,-1.097,4.332,False,,O53900
Rv0988,-,exported protein,NonEssential,H37Rv,0.775,-1.875,4.416,False,,O86370
Rv0990c,-,hypothetical protein,NonEssential,H37Rv,0.557,-0.442,2.13,False,,O05573
Rv0991c,-,serine rich protein,NonEssential,H37Rv,0.683,-0.791,3.033,False,,O05574
Rv0992c,-,5-formyltetrahydrofolate cyclo-ligase,NonEssential,H37Rv,0.825,-0.343,2.381,False,,O05575
Rv0996,-,transmembrane protein,NonEssential,H37Rv,1.094,-0.347,3.328,False,,O05579
Rv0997,-,hypothetical protein,NonEssential,H37Rv,-0.469,-5.247,4.471,False,,O05580
Rv0998,-,hypothetical protein,NonEssential,H37Rv,-0.192,-3.702,4.32,False,,O05581
Rv0999,-,hypothetical protein,NonEssential,H37Rv,0.566,-1.349,3.342,False,,O05582
Rv1000c,-,hypothetical protein,NonEssential,H37Rv,0.326,-0.582,1.658,False,,L7N6A4
Rv1003,-,ribosomal RNA small subunit methyltransferase I,NonEssential,H37Rv,-3.82,-12.427,4.43,False,,P9WGW7
Rv1004c,-,membrane protein,NonEssential,H37Rv,1.198,-0.874,4.4,False,,O05589
Rv1012,-,hypothetical protein,NonEssential,H37Rv,0.605,-7.874,9.528,False,,O05597
Rv1019,-,transcriptional regulator TetR-family,NonEssential,H37Rv,-0.205,-2.703,3.213,False,,P96381
Rv1021,-,nucleoside triphosphate pyrophosphohydrolase,NonEssential,H37Rv,1.107,-1.034,4.196,False,,P96379
Rv1026,-,exopolyphosphatase,NonEssential,H37Rv,0.014,-3.529,4.318,False,,P96374
Rv1034c,-,transposase,NonEssential,H37Rv,0.293,-0.704,1.539,False,,I6X043
Rv1035c,-,transposase,NonEssential,H37Rv,0.242,-0.715,1.527,False,,P96366
Rv1036c,-,transposase,NonEssential,H37Rv,0.327,-0.633,1.964,False,,P96365
Rv1041c,-,transposase,NonEssential,H37Rv,0.296,-0.914,2.089,False,,P96360
Rv1042c,-,transposase,NonEssential,H37Rv,0.063,-4.382,4.931,False,,L0T897
Rv1045,-,hypothetical protein,NonEssential,H37Rv,1.015,-0.482,3.247,False,,P96356
Rv1046c,-,hypothetical protein,NonEssential,H37Rv,1.106,-0.346,3.623,False,,L0T8G6
Rv1047,-,transposase,NonEssential,H37Rv,0.798,-1.272,4.102,False,,P96354
Rv1048c,-,hypothetical protein,NonEssential,H37Rv,1.109,-1.874,4.867,False,,P96353
Rv1049,-,transcriptional repressor,NonEssential,H37Rv,0.332,-8.787,9.838,False,,I6Y5H3
Rv1050,-,oxidoreductase,NonEssential,H37Rv,0.665,-1.694,3.896,False,,O53398
Rv1051c,-,hypothetical protein,NonEssential,H37Rv,0.582,-0.368,2.154,False,,O53399
Rv1052,-,hypothetical protein,NonEssential,H37Rv,0.524,-0.798,2.564,False,,O53400
Rv1053c,-,hypothetical protein,NonEssential,H37Rv,0.644,-0.342,2.172,False,,O53401
Rv1054,-,integrase,NonEssential,H37Rv,-0.484,-6.008,4.972,False,,O53402
Rv1055,-,integrase,NonEssential,H37Rv,-10.044,-22.029,1.595,False,,O53403
Rv1056,-,hypothetical protein,NonEssential,H37Rv,0.976,-1.167,3.816,False,,O53404
Rv1057,-,hypothetical protein,NonEssential,H37Rv,0.065,-1.299,2.386,False,,O53405
Rv1059,-,dihydrodipicolinate reductase,NonEssential,H37Rv,0.617,-2.471,5.009,False,,O53407
Rv1060,-,hypothetical protein,NonEssential,H37Rv,0.561,-2.942,4.417,False,,O53408
Rv1061,-,hypothetical protein,NonEssential,H37Rv,1.091,-0.391,3.552,False,,O53409
Rv1062,-,hypothetical protein,NonEssential,H37Rv,0.604,-2.6,4.781,False,,O53410
Rv1063c,-,hypothetical protein,NonEssential,H37Rv,1.314,-0.636,4.592,False,,P9WIY9
Rv1065,-,hypothetical protein,NonEssential,H37Rv,0.308,-0.668,1.938,False,,O53413
Rv1066,-,hypothetical protein,NonEssential,H37Rv,-0.027,-1.089,1.345,False,,O53414
Rv1069c,-,hypothetical protein,NonEssential,H37Rv,1.358,-0.408,4.357,False,,O53417
Rv1072,-,transmembrane protein,NonEssential,H37Rv,0.428,-1.408,3.266,False,,O53420
Rv1075c,-,exported protein,NonEssential,H37Rv,1.227,-0.681,4.004,False,,O53423
Rv1081c,-,membrane protein,NonEssential,H37Rv,-0.976,-4.232,2.374,False,,O53429
Rv1083,-,hypothetical protein,NonEssential,H37Rv,-1.896,-4.222,1.737,False,,O53431
Rv1084,-,hypothetical protein,NonEssential,H37Rv,1.053,-0.354,3.654,False,,O53432
Rv1085c,-,hemolysin-like protein,NonEssential,H37Rv,1.295,-0.656,4.64,False,,P9WFN7
Rv1086,-,short-chain Z-isoprenyl diphosphate synthase,NonEssential,H37Rv,-0.718,-3.748,2.874,False,,P9WFF5
Rv1096,-,glycosyl hydrolase,NonEssential,H37Rv,1.036,-1.134,3.957,False,,O53444
Rv1097c,-,glycine and proline rich membrane protein,NonEssential,H37Rv,0.597,-2.743,4.455,False,,O53445
Rv1100,-,hypothetical protein,NonEssential,H37Rv,-1.52,-3.403,1.462,False,,O53448
Rv1101c,-,membrane protein,NonEssential,H37Rv,1.918,0.054,5.141,False,,P9WFM3
Rv1104,-,esterase/lipase,NonEssential,H37Rv,0.147,-1.021,1.824,False,,O53452
Rv1105,-,esterase/lipase,NonEssential,H37Rv,0.475,-0.799,2.031,False,,O53453
Rv1106c,-,3-beta-hydroxysteroid dehydrogenase,NonEssential,H37Rv,1.312,-0.311,4.059,False,,P9WQP7
Rv1109c,-,hypothetical protein,NonEssential,H37Rv,1.331,-0.284,4.222,False,,P9WM59
Rv1112,-,GTP-binding protein YchF,NonEssential,H37Rv,0.342,-0.953,2.691,False,,O53459
Rv1115,-,exported protein,NonEssential,H37Rv,1.295,-1.833,5.596,False,,O06567
Rv1116,-,hypothetical protein,NonEssential,H37Rv,0.617,-8.271,9.882,False,,O06568
Rv1116A,-,hypothetical protein,NonEssential,H37Rv,0.667,-0.389,2.379,False,,L7N6A9
Rv1117,-,hypothetical protein,NonEssential,H37Rv,0.983,-0.243,2.981,False,,O06569
Rv1118c,-,hypothetical protein,NonEssential,H37Rv,1.252,-0.701,4.526,False,,O06570
Rv1120c,-,hypothetical protein,NonEssential,H37Rv,0.017,-4.596,5.106,False,,O06572
Rv1125,-,hypothetical protein,NonEssential,H37Rv,0.643,-1.637,3.645,False,,O06577
Rv1126c,-,hypothetical protein,NonEssential,H37Rv,1.246,-0.17,3.503,False,,O06578
Rv1128c,-,hypothetical protein,NonEssential,H37Rv,0.921,-0.2,2.686,False,,P9WM57
Rv1129c,-,transcriptional regulator,NonEssential,H37Rv,1.437,-0.733,5.135,False,,O06581
Rv1132,-,hypothetical protein,NonEssential,H37Rv,1.138,-0.435,2.993,False,,O06583
Rv1134,-,hypothetical protein,NonEssential,H37Rv,-3.279,-14.705,7.36,False,,O06534
Rv1135A,-,acetyl-CoA acetyltransferase,NonEssential,H37Rv,0.339,-0.448,1.524,False,,L7N682
Rv1136,-,enoyl-CoA hydratase,NonEssential,H37Rv,Not Present.,Not Present.,Not Present.,Not Present.,Not Present.,O06536
Rv1137c,-,hypothetical protein,NonEssential,H37Rv,1.058,-0.465,3.55,False,,O06537
Rv1138c,-,oxidoreductase,NonEssential,H37Rv,0.79,-0.513,2.767,False,,O06538
Rv1139c,-,hypothetical protein,NonEssential,H37Rv,1.288,-0.327,3.895,False,,O06539
Rv1140,-,membrane protein,NonEssential,H37Rv,0.881,-0.375,3.007,False,,O06540
Rv1148c,-,hypothetical protein,NonEssential,H37Rv,0.512,-0.698,2.175,False,,P9WM55
Rv1151c,-,transcriptional regulator,NonEssential,H37Rv,0.433,-0.514,1.981,False,,P9WGG3
Rv1152,-,transcriptional regulator,NonEssential,H37Rv,0.476,-1.47,3.07,False,,O06550
Rv1154c,-,hypothetical protein,NonEssential,H37Rv,1.152,-0.633,4.312,False,,O06552
Rv1155,-,pyridoxamine 5'-phosphate oxidase,NonEssential,H37Rv,0.815,-0.594,2.963,False,,O06553
Rv1156,-,hypothetical protein,NonEssential,H37Rv,0.879,-1.038,3.945,False,,O06554
Rv1157c,-,alanine and proline rich protein,NonEssential,H37Rv,0.884,-0.626,3.095,False,,O06555
Rv1158c,-,alanine and proline rich protein,NonEssential,H37Rv,1.094,-0.847,4.365,False,,O06556
Rv1159A,-,4a-hydroxytetrahydrobiopterin dehydratase,NonEssential,H37Rv,0.795,-0.432,2.564,False,,P9WI93
Rv1167c,-,transcriptional regulator,NonEssential,H37Rv,0.095,-1.819,2.878,False,,O50423
Rv1171,-,hypothetical protein,NonEssential,H37Rv,0.091,-3.684,4.346,False,,O50427
Rv1176c,-,hypothetical protein,NonEssential,H37Rv,0.384,-0.332,1.374,False,,O50432
Rv1178,-,succinyldiaminopimelate transaminase,NonEssential,H37Rv,0.336,-3.467,5.591,False,,O50434
Rv1179c,-,hypothetical protein,NonEssential,H37Rv,0.817,-0.532,3.101,False,,O50435
Rv1184c,-,exported protein,NonEssential,H37Rv,1.345,-0.234,4.15,False,,O50440
Rv1186c,-,hypothetical protein,NonEssential,H37Rv,0.761,-1.056,3.789,False,,O50442
Rv1188,-,proline dehydrogenase,NonEssential,H37Rv,0.774,-1.902,4.271,False,,O50444
Rv1190,-,hypothetical protein,NonEssential,H37Rv,0.869,-0.686,3.473,False,,O86348
Rv1191,-,hypothetical protein,NonEssential,H37Rv,0.876,-0.929,3.885,False,,O05293
Rv1192,-,hypothetical protein,NonEssential,H37Rv,0.992,-0.834,3.591,False,,O05294
Rv1194c,-,hypothetical protein,NonEssential,H37Rv,1.243,-0.632,4.055,False,,O05296
Rv1199c,-,transposase,NonEssential,H37Rv,0.21,-6.19,7.506,False,,P60230
Rv1200,-,"MFS transporter, metabolite:H+ symporter (MHS) family protein",NonEssential,H37Rv,0.567,-1.358,3.283,False,,O05301
Rv1203c,-,hypothetical protein,NonEssential,H37Rv,1.152,-0.197,3.333,False,,O05304
Rv1204c,-,hypothetical protein,NonEssential,H37Rv,1.101,-0.888,3.936,False,,O05305
Rv1205,-,hypothetical protein,NonEssential,H37Rv,0.484,-3.186,5.114,False,,O05306
Rv1209,-,DivIVA family protein,NonEssential,H37Rv,0.149,-0.66,1.274,False,,O05310
Rv1211,-,hypothetical protein,NonEssential,H37Rv,-8.497,-11.741,-4.417,False,,O05312
Rv1215c,-,hydrolase,NonEssential,H37Rv,0.861,-0.857,3.526,False,,O05316
Rv1216c,-,integral membrane protein,NonEssential,H37Rv,0.891,-3.015,5.402,False,,O05317
Rv1217c,-,antibiotic transporter permease,NonEssential,H37Rv,1.161,-0.184,3.371,False,,O05318
Rv1218c,-,antibiotic transporter ATP-binding protein,NonEssential,H37Rv,0.6,-3.712,5.296,False,,O86311
Rv1219c,-,transcriptional regulator,NonEssential,H37Rv,1.006,-1.285,4.221,False,,O86312
Rv1220c,-,methyltransferase,NonEssential,H37Rv,0.254,-0.9,2.1,False,,P9WJZ7
Rv1225c,-,"HAD hydrolase, family IIA",NonEssential,H37Rv,1.195,-0.187,3.457,False,,O33221
Rv1226c,-,transmembrane protein,NonEssential,H37Rv,1.171,-0.665,3.979,False,,O33222
Rv1227c,-,transmembrane protein,NonEssential,H37Rv,0.757,-1.822,3.513,False,,O33223
Rv1230c,-,membrane protein,NonEssential,H37Rv,-0.53,-4.651,4.224,False,,O86313
Rv1231c,-,membrane protein,NonEssential,H37Rv,0.587,-0.541,2.391,False,,O86314
Rv1232c,-,hypothetical protein,NonEssential,H37Rv,0.471,-1.258,2.885,False,,O86315
Rv1233c,-,hypothetical protein,NonEssential,H37Rv,1.08,-0.347,3.536,False,,O86316
Rv1234,-,transmembrane protein,NonEssential,H37Rv,0.277,-3.692,5.44,False,,O50451
Rv1245c,-,oxidoreductase,NonEssential,H37Rv,1.058,-0.543,3.695,False,,O50460
Rv1248c,-,2-oxoglutarate decarboxylase,NonEssential,H37Rv,-1.996,-4.245,1.504,False,,P9WIS5
Rv1249c,-,membrane protein,NonEssential,H37Rv,1.078,-0.717,3.79,False,,O50464
Rv1250,-,drug:H+ antiporter-2 (14 Spanner) (DHA2) family drug resistance MFS transporter,NonEssential,H37Rv,-0.028,-2.681,3.596,False,,P9WG87
Rv1251c,-,hypothetical protein,NonEssential,H37Rv,0.967,-0.578,3.539,False,,O50466
Rv1255c,-,transcriptional regulator,NonEssential,H37Rv,0.921,-0.832,3.744,False,,P9WMD5
Rv1257c,-,glycolate oxidase subunit GlcD,NonEssential,H37Rv,1.273,-0.237,3.985,False,,Q11061
Rv1258c,-,H+ antiporter protein,NonEssential,H37Rv,1.311,-0.644,4.383,False,,P9WJX9
Rv1260,-,oxidoreductase,NonEssential,H37Rv,1.51,-0.287,4.328,False,,P9WM51
Rv1261c,-,deazaflavin-dependent nitroreductase,NonEssential,H37Rv,0.483,-0.579,2.144,False,,P9WP13
Rv1262c,-,hypothetical protein,NonEssential,H37Rv,0.69,-0.655,2.928,False,,P9WML1
Rv1264,-,adenylate cyclase,NonEssential,H37Rv,1.236,-0.724,4.112,False,,P9WMU9
Rv1265,-,hypothetical protein,NonEssential,H37Rv,1.083,-0.254,3.328,False,,P9WM49
Rv1268c,-,hypothetical protein,NonEssential,H37Rv,0.853,-0.176,2.345,False,,P9WM47
Rv1269c,-,secreted protein,NonEssential,H37Rv,0.473,-0.365,1.504,False,,P9WM45
Rv1271c,-,secreted protein,NonEssential,H37Rv,0.923,-0.363,2.947,False,,P9WM43
Rv1272c,-,ABC transporter membrane protein,NonEssential,H37Rv,1.111,-0.772,3.951,False,,P9WQJ3
Rv1273c,-,ABC transporter membrane protein,NonEssential,H37Rv,0.903,-0.398,3.284,False,,P9WQJ1
Rv1276c,-,phosphohistidine phosphatase,NonEssential,H37Rv,0.905,-0.519,2.536,False,,P9WGF9
Rv1277,-,hypothetical protein,NonEssential,H37Rv,-0.421,-6.273,5.604,False,,Q50699
Rv1278,-,hypothetical protein,NonEssential,H37Rv,0.759,-0.897,3.224,False,,P9WM41
Rv1279,-,dehydrogenase FAD flavoprotein gmc oxidoreductase,NonEssential,H37Rv,0.721,-0.913,3.143,False,,P9WMV5
Rv1287,-,Rrf2 family protein,NonEssential,H37Rv,-0.197,-1.098,1.138,False,,P9WME3
Rv1288,-,mycolyltransferase II,NonEssential,H37Rv,1.241,-0.892,4.492,False,,P9WM39
Rv1289,-,hypothetical protein,NonEssential,H37Rv,1.084,-1.126,4.667,False,,P9WM37
Rv1290A,-,hypothetical protein,NonEssential,H37Rv,0.692,-1.099,3.205,False,,Q79FQ6
Rv1290c,-,hypothetical protein,NonEssential,H37Rv,1.278,-0.263,3.936,False,,P9WM35
Rv1291c,-,secreted protein,NonEssential,H37Rv,1.085,-0.329,3.326,False,,P9WM33
Rv1303,-,hypothetical protein,NonEssential,H37Rv,-12.365,-16.768,-6.645,False,,P9WM31
Rv1312,-,secreted protein,NonEssential,H37Rv,-3.402,-8.322,3.279,False,,P9WM29
Rv1313c,-,transposase,NonEssential,H37Rv,0.912,-0.626,3.351,False,,P9WKH7
Rv1314c,-,"cob(I)yrinic acid a,c-diamide adenosyltransferase",NonEssential,H37Rv,0.732,-0.429,2.556,False,,P9WP99
Rv1318c,-,adenylate cyclase,NonEssential,H37Rv,1.413,-0.09,4.115,False,,P9WQ33
Rv1319c,-,adenylate cyclase,NonEssential,H37Rv,0.948,-0.444,3.548,False,,P9WQ31
Rv1320c,-,adenylate cyclase,NonEssential,H37Rv,1.598,-0.009,4.302,False,,P9WQ29
Rv1321,-,hypothetical protein,NonEssential,H37Rv,0.826,-1.563,4.52,False,,P9WIY5
Rv1322,-,hypothetical protein,NonEssential,H37Rv,0.588,-0.377,1.704,False,,P9WM27
Rv1322A,-,methylmalonyl-CoA epimerase,NonEssential,H37Rv,1.324,-0.022,3.774,False,,L7N6B1
Rv1324,-,thioredoxin,NonEssential,H37Rv,0.905,-1.111,3.841,False,,P9WG61
Rv1331,-,ATP-dependent Clp protease adapter protein ClpS,NonEssential,H37Rv,0.541,-0.643,2.188,False,,P9WPC1
Rv1332,-,transcriptional regulator,NonEssential,H37Rv,0.567,-2.295,4.229,False,,P9WM25
Rv1333,-,hydrolase,NonEssential,H37Rv,1.244,-1.29,4.841,False,,P9WM23
Rv1339,-,hypothetical protein,NonEssential,H37Rv,-6.026,-7.937,-3.466,False,,P9WGC1
Rv1341,-,nucleoside-triphosphatase,NonEssential,H37Rv,0.465,-0.641,1.971,False,,P9WMR7
Rv1351,-,hypothetical protein,NonEssential,H37Rv,-0.095,-3.33,3.893,False,,P9WM17
Rv1352,-,hypothetical protein,NonEssential,H37Rv,0.585,-1.631,3.465,False,,P9WM15
Rv1353c,-,transcriptional regulator,NonEssential,H37Rv,0.956,-0.375,3.219,False,,P9WMD3
Rv1354c,-,diguanylate cyclase (GGDEF) domain-containing protein,NonEssential,H37Rv,1.076,-0.798,4.073,False,,P9WM13
Rv1356c,-,hypothetical protein,NonEssential,H37Rv,1.472,-0.009,3.96,False,,P9WM09
Rv1357c,-,hypothetical protein,NonEssential,H37Rv,1.469,-0.119,4.146,False,,P9WM07
Rv1358,-,transcriptional regulator,NonEssential,H37Rv,1.207,-0.765,4.03,False,,Q11028
Rv1359,-,transcriptional regulator,NonEssential,H37Rv,0.834,-0.7,3.604,False,,P9WM05
Rv1360,-,oxidoreductase,NonEssential,H37Rv,1.021,-1.605,4.215,False,,P9WM03
Rv1362c,-,membrane protein,NonEssential,H37Rv,1.081,-0.442,3.624,False,,P9WM01
Rv1363c,-,membrane protein,NonEssential,H37Rv,0.267,-0.62,1.587,False,,P9WLZ9
Rv1364c,-,anti-anti-sigma factor,NonEssential,H37Rv,0.865,-1.361,4.338,False,,P9WLZ7
Rv1366,-,hypothetical protein,NonEssential,H37Rv,1.078,-2.324,5.134,False,,P9WLZ5
Rv1366A,-,hypothetical protein,NonEssential,H37Rv,Not Present.,Not Present.,Not Present.,Not Present.,Not Present.,V5QQR7
Rv1367c,-,hypothetical protein,NonEssential,H37Rv,0.969,-1.135,4.31,False,,P9WLZ3
Rv1369c,-,transposase,NonEssential,H37Rv,Not Present.,Not Present.,Not Present.,Not Present.,Not Present.,P9WKH9
Rv1370c,-,transposase,NonEssential,H37Rv,-4.902,-19.742,10.075,False,,P9WKH5
Rv1371,-,membrane protein,NonEssential,H37Rv,0.562,-1.504,3.631,False,,P71799
Rv1372,-,hypothetical protein,NonEssential,H37Rv,1.059,-0.712,3.613,False,,P9WPF1
Rv1373,-,glycolipid sulfotransferase,NonEssential,H37Rv,0.36,-2.85,4.926,False,,P9WGB9
Rv1374c,-,hypothetical protein,NonEssential,H37Rv,0.476,-0.233,1.491,False,,P71802
Rv1375,-,hypothetical protein,NonEssential,H37Rv,-0.384,-4.157,4.366,False,,P9WF27
Rv1376,-,hypothetical protein,NonEssential,H37Rv,0.892,-1.447,4.277,False,,P71804
Rv1377c,-,transferase,NonEssential,H37Rv,0.905,-0.072,2.45,False,,P71805
Rv1378c,-,hypothetical protein,NonEssential,H37Rv,-3.66,-14.353,7.501,False,,P71806
Rv1393c,-,cyclohexanone monooxygenase,NonEssential,H37Rv,1.699,-0.098,4.591,False,,P71662
Rv1395,-,transcriptional regulator,NonEssential,H37Rv,1.396,-0.491,4.441,False,,P9WMJ1
Rv1401,-,membrane protein,NonEssential,H37Rv,-4.24,-8.468,1.254,False,,P9WG51
Rv1403c,-,methyltransferase,NonEssential,H37Rv,-0.282,-7.418,8.399,False,,P9WLY9
Rv1404,-,transcriptional regulator,NonEssential,H37Rv,-0.916,-3.434,2.233,False,,P71672
Rv1405c,-,methyltransferase,NonEssential,H37Rv,0.648,-0.562,2.552,False,,P9WLY7
Rv1410c,-,MFS drug efflux transporter P55,NonEssential,H37Rv,1.446,-0.123,3.142,False,,P9WJY3
Rv1413,-,hypothetical protein,NonEssential,H37Rv,0.792,-0.123,2.405,False,,P9WLY5
Rv1414,-,hypothetical protein,NonEssential,H37Rv,-1.814,-9.463,6.214,False,,P9WLY3
Rv1417,-,membrane protein,NonEssential,H37Rv,1.018,-1.586,5.071,False,,P9WLY1
Rv1419,-,lectin,NonEssential,H37Rv,0.947,-0.517,3.17,False,,P9WLX9
Rv1421,-,nucleotide-binding protein,NonEssential,H37Rv,-1.715,-5.349,2.661,False,,P9WFQ3
Rv1422,-,hypothetical protein,NonEssential,H37Rv,-0.476,-6.973,6.614,False,,P9WMU5
Rv1424c,-,membrane protein,NonEssential,H37Rv,1.68,-0.087,4.938,False,,P9WLX7
Rv1425,-,diacylglycerol acyltransferase,NonEssential,H37Rv,1.084,-0.864,3.794,False,,P9WKC1
Rv1428c,-,hypothetical protein,NonEssential,H37Rv,1.256,-0.209,3.839,False,,O06830
Rv1429,-,hypothetical protein,NonEssential,H37Rv,1.093,-2.125,5.168,False,,O06829
Rv1431,-,hypothetical protein,NonEssential,H37Rv,1.047,-1.302,4.484,False,,O06827
Rv1432,-,oxidoreductase,NonEssential,H37Rv,0.157,-2.438,4.016,False,,O06826
Rv1433,-,exported protein,NonEssential,H37Rv,0.813,-0.934,3.325,False,,O06825
Rv1435c,-,proline and glycine and valine rich secreted protein,NonEssential,H37Rv,-0.845,-2.458,1.512,False,,O06823
Rv1439c,-,hypothetical protein,NonEssential,H37Rv,1.439,-0.127,3.819,False,,O06820
Rv1443c,-,hypothetical protein,NonEssential,H37Rv,-0.237,-2.027,1.707,False,,O06816
Rv1444c,-,hypothetical protein,NonEssential,H37Rv,-1.097,-10.696,9.62,False,,O06815
Rv1460,-,transcriptional regulator,NonEssential,H37Rv,-3.916,-13.892,6.61,False,,O53151
Rv1473,-,ABC transporter ATP-binding protein,NonEssential,H37Rv,-0.04,-4.282,5.075,False,,O53164
Rv1473A,-,transcriptional regulator,NonEssential,H37Rv,0.732,-0.269,2.13,False,,L7N691
Rv1474c,-,transcriptional regulator,NonEssential,H37Rv,0.909,-0.587,3.386,False,,O53165
Rv1478,-,invasion-associated protein,NonEssential,H37Rv,0.857,-0.594,3.444,False,,P9WHU5
Rv1482c,-,hypothetical protein,NonEssential,H37Rv,1.567,-0.626,5.223,False,,P71763
Rv1486c,-,hypothetical protein,NonEssential,H37Rv,1.215,-0.16,3.496,False,,P9WLX3
Rv1487,-,hypothetical protein,NonEssential,H37Rv,0.715,-1.91,4.032,False,,P71767
Rv1488,-,exported protein,NonEssential,H37Rv,1.135,-1.475,4.252,False,,P9WPR9
Rv1489,-,hypothetical protein,NonEssential,H37Rv,0.942,-0.608,3.483,False,,L7N692
Rv1489A,-,methylmalonyl-CoA mutase,NonEssential,H37Rv,-0.641,-2.15,1.313,False,,L7N6A8
Rv1490,-,membrane protein,NonEssential,H37Rv,0.826,-0.653,3.264,False,,P9WLX1
Rv1491c,-,TVP38/TMEM64 family membrane protein,NonEssential,H37Rv,0.651,-0.634,2.858,False,,P9WFS3
Rv1496,-,LAO/AO transporter ATPase,NonEssential,H37Rv,1.301,-0.683,4.377,False,,P9WPZ1
Rv1498c,-,methyltransferase,NonEssential,H37Rv,1.694,-0.198,5.043,False,,P9WLW9
Rv1500,-,glycosyltransferase,NonEssential,H37Rv,-0.111,-3.375,4.222,False,,P9WMX5
Rv1501,-,hypothetical protein,NonEssential,H37Rv,1.173,-0.824,4.487,False,,P9WI91
Rv1502,-,hypothetical protein,NonEssential,H37Rv,0.736,-1.301,3.872,False,,P9WLW7
Rv1505c,-,sialic acid O-acetyltransferase NeuD,NonEssential,H37Rv,0.679,-0.715,2.678,False,,P71784
Rv1506c,-,hypothetical protein,NonEssential,H37Rv,0.948,-0.301,3.039,False,,P71785
Rv1507A,-,hypothetical protein,NonEssential,H37Rv,1.028,-0.336,3.342,False,,L7N6B6
Rv1507c,-,hypothetical protein,NonEssential,H37Rv,0.879,-0.396,2.724,False,,P9WLW5
Rv1508A,-,hypothetical protein,NonEssential,H37Rv,0.498,-1.695,3.694,False,,Q79FN0
Rv1508c,-,membrane protein,NonEssential,H37Rv,0.998,-0.428,3.331,False,,P71787
Rv1509,-,hypothetical protein,NonEssential,H37Rv,1.331,-0.619,4.588,False,,P9WLW3
Rv1510,-,membrane protein,NonEssential,H37Rv,0.851,-1.516,4.223,False,,P9WLW1
Rv1513,-,FkbM family methyltransferase,NonEssential,H37Rv,0.666,-1.626,4.095,False,,P71792
Rv1514c,-,hypothetical protein,NonEssential,H37Rv,1.657,-0.155,4.789,False,,P9WMX9
Rv1515c,-,hypothetical protein,NonEssential,H37Rv,1.568,-0.187,4.637,False,,P71794
Rv1516c,-,sugar transferase,NonEssential,H37Rv,0.852,-0.867,3.583,False,,P71795
Rv1517,-,hypothetical protein,NonEssential,H37Rv,1.136,-0.32,3.544,False,,P71796
Rv1518,-,hypothetical protein,NonEssential,H37Rv,0.249,-1.6,3.207,False,,P9WLV9
Rv1519,-,hypothetical protein,NonEssential,H37Rv,-0.023,-1.092,1.14,False,,P9WLV7
Rv1520,-,sugar transferase,NonEssential,H37Rv,1.176,-0.385,3.845,False,,P9WLV5
Rv1523,-,methyltransferase,NonEssential,H37Rv,1.097,-0.605,3.812,False,,Q50584
Rv1524,-,glycosyltransferase,NonEssential,H37Rv,-0.208,-3.662,4.924,False,,P9WN07
Rv1526c,-,glycosyltransferase,NonEssential,H37Rv,1.497,-0.422,4.782,False,,P9WLV1
Rv1531,-,4-carboxymuconolactone decarboxylase,NonEssential,H37Rv,0.88,-0.846,3.649,False,,O53905
Rv1532c,-,hypothetical protein,NonEssential,H37Rv,0.603,-0.331,1.915,False,,O06178
Rv1533,-,hypothetical protein,NonEssential,H37Rv,1.176,-1.02,4.208,False,,O06179
Rv1534,-,transcriptional regulator,NonEssential,H37Rv,0.397,-0.442,1.507,False,,O08377
Rv1535,-,hypothetical protein,NonEssential,H37Rv,0.472,-0.579,2.016,False,,O06180
Rv1543,-,fatty-acyl-CoA reductase,NonEssential,H37Rv,1.029,-0.774,3.701,False,,P9WGS1
Rv1544,-,ketoacyl reductase,NonEssential,H37Rv,0.933,-0.822,3.477,False,,Q10782
Rv1545,-,hypothetical protein,NonEssential,H37Rv,0.475,-0.187,1.504,False,,P9WLU9
Rv1546,-,hypothetical protein,NonEssential,H37Rv,Not Present.,Not Present.,Not Present.,Not Present.,Not Present.,P9WLU7
Rv1556,-,regulatory protein,NonEssential,H37Rv,-1.002,-8.267,6.703,False,,P9WMD1
Rv1558,-,deazaflavin-dependent nitroreductase,NonEssential,H37Rv,-0.838,-3.606,1.992,False,,P9WP11
Rv1565c,-,hypothetical protein,NonEssential,H37Rv,-1.32,-3.777,2.389,False,,O06625
Rv1574,-,prophage PhiRv1 protein,NonEssential,H37Rv,-0.128,-4.15,4.384,False,,L0TA08
Rv1578c,-,prophage PhiRv1 protein,NonEssential,H37Rv,0.825,-0.266,2.403,False,,O06612
Rv1579c,-,prophage PhiRv1 protein,NonEssential,H37Rv,1.358,-0.027,3.872,False,,O06611
Rv1580c,-,prophage PhiRv1 protein,NonEssential,H37Rv,1.041,-0.277,3.184,False,,O06610
Rv1581c,-,prophage PhiRv1 protein,NonEssential,H37Rv,0.754,-0.375,2.273,False,,O06609
Rv1582c,-,prophage PhiRv1 protein,NonEssential,H37Rv,1.175,-1.153,4.05,False,,O06608
Rv1583c,-,prophage PhiRv1 protein,NonEssential,H37Rv,0.864,-0.498,2.704,False,,P9WLU1
Rv1584c,-,prophage PhiRv1 protein,NonEssential,H37Rv,0.73,-0.341,2.349,False,,O06606
Rv1585c,-,prophage PhiRv1 protein,NonEssential,H37Rv,0.463,-1.469,3.09,False,,O06605
Rv1586c,-,prophage PhiRv1 integrase,NonEssential,H37Rv,1.38,-0.04,3.713,False,,O06604
Rv1587c,-,13E12 repeat family protein,NonEssential,H37Rv,-0.034,-1.854,1.954,False,,O06603
Rv1588c,-,13E12 repeat family protein,NonEssential,H37Rv,-0.975,-4.978,2.815,False,,P9WLT9
Rv1590,-,hypothetical protein,NonEssential,H37Rv,-0.54,-0.979,-0.071,False,,P9WLT7
Rv1591,-,transmembrane protein,NonEssential,H37Rv,0.272,-0.938,2.253,False,,P9WLT5
Rv1592c,-,triacylglycerol lipase,NonEssential,H37Rv,1.454,-0.556,5.008,False,,P9WK89
Rv1593c,-,hypothetical protein,NonEssential,H37Rv,1.009,0.013,2.55,False,,O06597
Rv1597,-,hypothetical protein,NonEssential,H37Rv,0.662,-1.767,4.319,False,,O06593
Rv1598c,-,deazaflavin-dependent nitroreductase,NonEssential,H37Rv,0.606,-0.301,1.807,False,,O06592
Rv1615,-,membrane protein,NonEssential,H37Rv,0.986,-0.28,2.771,False,,O06132
Rv1616,-,hypothetical protein,NonEssential,H37Rv,0.517,-4.764,6.854,False,,O06133
Rv1619,-,hypothetical protein,NonEssential,H37Rv,0.557,-4.188,6.33,False,,O06136
Rv1624c,-,membrane protein,NonEssential,H37Rv,1.477,-0.025,4.01,False,,O06141
Rv1626,-,two-component system transcriptional regulator,NonEssential,H37Rv,-1.11,-1.991,0.099,False,,P9WGM3
Rv1627c,-,nonspecific lipid-transfer protein,NonEssential,H37Rv,1.35,-0.919,5.046,False,,O06144
Rv1628c,-,hypothetical protein,NonEssential,H37Rv,0.378,-0.809,2.106,False,,O06145
Rv1632c,-,hypothetical protein,NonEssential,H37Rv,0.863,-0.227,2.603,False,,O06149
Rv1635c,-,polyprenol phosphomannose-dependent ManLAM-capping mannosyltransferase,NonEssential,H37Rv,1.245,-0.162,3.716,False,,O06152
Rv1637c,-,hypothetical protein,NonEssential,H37Rv,0.922,-0.713,3.501,False,,O06154
Rv1638A,-,hypothetical protein,NonEssential,H37Rv,1.351,-6.006,8.791,False,,L7N673
Rv1639c,-,hypothetical protein,NonEssential,H37Rv,1.072,-0.473,3.67,False,,P94973
Rv1647,-,adenylate cyclase,NonEssential,H37Rv,1.013,-1.439,4.383,False,,P94982
Rv1648,-,transmembrane protein,NonEssential,H37Rv,0.604,-2.634,4.571,False,,P94983
Rv1667c,-,ABC macrolide transporter ATP-binding protein,NonEssential,H37Rv,1.418,-0.459,4.124,False,,O53915
Rv1668c,-,ABC macrolide transporter ATP-binding protein,NonEssential,H37Rv,0.929,-0.213,2.852,False,,O53916
Rv1669,-,hypothetical protein,NonEssential,H37Rv,0.646,-0.472,2.54,False,,O86371
Rv1670,-,hypothetical protein,NonEssential,H37Rv,-0.697,-1.467,0.239,False,,O53917
Rv1671,-,membrane protein,NonEssential,H37Rv,-0.217,-2.494,2.382,False,,O53918
Rv1672c,-,integral membrane transporter,NonEssential,H37Rv,0.59,-0.912,3.224,False,,O53919
Rv1673c,-,hypothetical protein,NonEssential,H37Rv,1.148,-0.545,3.972,False,,O53920
Rv1674c,-,transcriptional regulator,NonEssential,H37Rv,0.904,-0.235,2.693,False,,O53921
Rv1676,-,hypothetical protein,NonEssential,H37Rv,0.89,-1.785,4.489,False,,O53923
Rv1678,-,membrane protein,NonEssential,H37Rv,0.161,-1.642,2.621,False,,O53925
Rv1680,-,hypothetical protein,NonEssential,H37Rv,0.004,-0.777,1.105,False,,O33182
Rv1682,-,DivIVA family protein,NonEssential,H37Rv,0.877,-1.174,4.018,False,,O33184
Rv1683,-,bifunctional enzyme long-chain acyl-CoA synthase and lipase,NonEssential,H37Rv,-3.36,-6.318,0.567,False,,O33185
Rv1685c,-,hypothetical protein,NonEssential,H37Rv,0.96,-0.727,3.778,False,,O33187
Rv1686c,-,ABC transporter efflux protein DrrB,NonEssential,H37Rv,1.211,-0.434,3.829,False,,O33188
Rv1687c,-,ABC transporter ATP-binding protein,NonEssential,H37Rv,0.042,-2.115,2.811,False,,O33189
Rv1691,-,hypothetical protein,NonEssential,H37Rv,0.287,-2.194,3.743,False,,O33193
Rv1692,-,"HAD hydrolase, family IIA",NonEssential,H37Rv,0.437,-0.635,2.01,False,,O33194
Rv1700,-,ADP-ribose pyrophosphatase,NonEssential,H37Rv,-0.451,-2.481,1.665,False,,I6X235
Rv1701,-,tyrosine recombinase xerD,NonEssential,H37Rv,-0.503,-3.943,3.584,False,,P9WF33
Rv1703c,-,catechol-O-methyltransferase,NonEssential,H37Rv,0.592,-0.51,2.363,False,,L0TAD5
Rv1706A,-,hypothetical protein,NonEssential,H37Rv,0.669,-0.353,2.218,False,,Q79FL4
Rv1707,-,SulP family sulfate permease,NonEssential,H37Rv,0.698,-1.102,3.329,False,,O33206
Rv1714,-,oxidoreductase,NonEssential,H37Rv,0.45,-1.23,2.747,False,,P9WGQ3
Rv1716,-,arylformamidase,NonEssential,H37Rv,0.861,-3.875,6.457,False,,O53929
Rv1717,-,hypothetical protein,NonEssential,H37Rv,-2.092,-6.618,2.38,False,,O86372
Rv1718,-,hypothetical protein,NonEssential,H37Rv,-0.339,-3.167,3.174,False,,P71976
Rv1719,-,transcriptional regulator,NonEssential,H37Rv,1.024,-0.947,4.156,False,,P71977
Rv1722,-,carboxylase,NonEssential,H37Rv,1.139,-0.789,4.061,False,,P71980
Rv1723,-,hydrolase,NonEssential,H37Rv,0.49,-2.838,5.056,False,,P71981
Rv1724c,-,hypothetical protein,NonEssential,H37Rv,0.972,-0.114,2.771,False,,P71982
Rv1725c,-,hypothetical protein,NonEssential,H37Rv,1.183,-0.584,3.964,False,,P71983
Rv1726,-,oxidoreductase,NonEssential,H37Rv,0.438,-1.384,3.122,False,,P71984
Rv1727,-,hypothetical protein,NonEssential,H37Rv,-0.623,-3.574,3.335,False,,P71985
Rv1728c,-,NLP/P60 family protein,NonEssential,H37Rv,0.955,-0.169,2.835,False,,P71986
Rv1729c,-,s-adenosylmethionine-dependent methyltransferase,NonEssential,H37Rv,1.231,-0.049,3.306,False,,P9WFH9
Rv1730c,-,penicillin-binding protein,NonEssential,H37Rv,1.571,-0.385,5.055,False,,P71988
Rv1732c,-,hypothetical protein,NonEssential,H37Rv,0.623,-0.635,2.5,False,,P71990
Rv1733c,-,transmembrane protein,NonEssential,H37Rv,0.833,-0.21,2.648,False,,P9WLS9
Rv1734c,-,pyruvate dehydrogenase E2 component (dihydrolipoamide acetyltransferase),NonEssential,H37Rv,0.349,-0.754,1.954,False,,P9WLS7
Rv1735c,-,membrane protein,NonEssential,H37Rv,0.23,-4.074,4.634,False,,P9WLS5
Rv1738,-,hypothetical protein,NonEssential,H37Rv,-2.538,-13.531,8.227,False,,P9WLS3
Rv1739c,-,sulfate-transport ABC transporter transmembrane protein,NonEssential,H37Rv,1.223,-0.134,3.765,False,,P9WGF7
Rv1742,-,hypothetical protein,NonEssential,H37Rv,0.908,-1.875,4.606,False,,O33271
Rv1744c,-,membrane protein,NonEssential,H37Rv,-1.574,-11.057,9.512,False,,O06787
Rv1747,-,transmembrane ABC transporter ATP-binding protein,NonEssential,H37Rv,0.988,-0.87,3.558,False,,O65934
Rv1748,-,hypothetical protein,NonEssential,H37Rv,1.283,-0.477,4.286,False,,P72005
Rv1749c,-,integral membrane protein,NonEssential,H37Rv,1.083,-0.46,3.591,False,,O65935
Rv1751,-,oxidoreductase,NonEssential,H37Rv,0.923,-0.842,3.534,False,,O65936
Rv1752,-,hypothetical protein,NonEssential,H37Rv,-0.939,-3.212,1.995,False,,O06789
Rv1754c,-,hypothetical protein,NonEssential,H37Rv,1.316,-0.292,4.169,False,,O06790
Rv1756c,-,transposase,NonEssential,H37Rv,Not Present.,Not Present.,Not Present.,Not Present.,Not Present.,P9WKH9
Rv1757c,-,transposase,NonEssential,H37Rv,Not Present.,Not Present.,Not Present.,Not Present.,Not Present.,P9WKH5
Rv1760,-,diacylglycerol acyltransferase,NonEssential,H37Rv,0.996,-0.75,3.706,False,,P9WKB9
Rv1761c,-,exported protein,NonEssential,H37Rv,0.872,-0.396,3.009,False,,O06796
Rv1762c,-,hypothetical protein,NonEssential,H37Rv,0.779,-1.401,4.148,False,,O06797
Rv1763,-,transposase,NonEssential,H37Rv,Not Present.,Not Present.,Not Present.,Not Present.,Not Present.,P9WKH5
Rv1764,-,transposase,NonEssential,H37Rv,Not Present.,Not Present.,Not Present.,Not Present.,Not Present.,P9WKH9
Rv1765A,-,transposase,NonEssential,H37Rv,0.786,-0.252,2.4,False,,Q79FL0
Rv1765c,-,hypothetical protein,NonEssential,H37Rv,0.242,-3.674,4.632,False,,O06798
Rv1766,-,hypothetical protein,NonEssential,H37Rv,0.751,-0.206,2.01,False,,O06799
Rv1767,-,alkylhydroperoxidase AhpD family core domain-containing protein,NonEssential,H37Rv,0.437,-0.788,2.115,False,,O06800
Rv1769,-,hypothetical protein,NonEssential,H37Rv,1.298,-1.935,5.18,False,,O06802
Rv1770,-,hypothetical protein,NonEssential,H37Rv,0.856,-1.266,3.639,False,,O06803
Rv1771,-,"l-gulono-1,4-lactone dehydrogenase",NonEssential,H37Rv,1.103,-1.136,4.991,False,,P9WIT3
Rv1772,-,hypothetical protein,NonEssential,H37Rv,0.842,-3.371,5.943,False,,O06805
Rv1773c,-,transcriptional regulator,NonEssential,H37Rv,1.042,-0.644,4.067,False,,O06806
Rv1774,-,oxidoreductase,NonEssential,H37Rv,0.966,-1.326,4.51,False,,O33177
Rv1775,-,hypothetical protein,NonEssential,H37Rv,0.723,-0.883,3.005,False,,O33178
Rv1776c,-,transcriptional regulator,NonEssential,H37Rv,1.013,-0.228,3.012,False,,O33179
Rv1778c,-,hypothetical protein,NonEssential,H37Rv,1.555,-0.093,4.344,False,,O33181
Rv1779c,-,integral membrane protein,NonEssential,H37Rv,1.338,-0.036,3.692,False,,O53930
Rv1804c,-,hypothetical protein,NonEssential,H37Rv,0.84,-0.329,2.813,False,,O53953
Rv1805c,-,hypothetical protein,NonEssential,H37Rv,0.572,-0.608,2.447,False,,O53954
Rv1810,-,hypothetical protein,NonEssential,H37Rv,0.664,-0.486,2.485,False,,O07222
Rv1812c,-,NADH dehydrogenase-like protein,NonEssential,H37Rv,0.77,-0.634,2.975,False,,P9WJJ1
Rv1813c,-,hypothetical protein,NonEssential,H37Rv,0.611,-0.474,2.255,False,,P9WLS1
Rv1815,-,hypothetical protein,NonEssential,H37Rv,0.202,-3.494,4.701,False,,P9WLR9
Rv1816,-,transcriptional regulator,NonEssential,H37Rv,1.145,-0.97,4.108,False,,P9WMC9
Rv1817,-,flavoprotein,NonEssential,H37Rv,0.765,-1.216,3.917,False,,Q50616
Rv1823,-,hypothetical protein,NonEssential,H37Rv,1.233,0.136,3.013,False,,P9WFG1
Rv1824,-,hypothetical protein,NonEssential,H37Rv,0.622,-0.294,1.578,False,,P9WLR7
Rv1825,-,hypothetical protein,NonEssential,H37Rv,1.44,-0.737,4.476,False,,P9WFG3
Rv1829,-,hypothetical protein,NonEssential,H37Rv,0.31,-1.85,3.292,False,,P9WLR5
Rv1831,-,hypothetical protein,NonEssential,H37Rv,-7.282,-12.426,-1.25,False,,P9WLR3
Rv1833c,-,haloalkane dehalogenase 2,NonEssential,H37Rv,1.445,-0.087,4.115,False,,P9WMS1
Rv1836c,-,hypothetical protein,NonEssential,H37Rv,-1.052,-2.617,1.388,False,,P9WLQ9
Rv1841c,-,hypothetical protein,NonEssential,H37Rv,1.003,-0.586,3.72,False,,P9WLQ7
Rv1842c,-,hypothetical protein,NonEssential,H37Rv,1.445,-0.544,4.71,False,,P9WFP3
Rv1847,-,hypothetical protein,NonEssential,H37Rv,Not Present.,Not Present.,Not Present.,Not Present.,Not Present.,P9WIM3
Rv1861,-,transmembrane protein,NonEssential,H37Rv,0.725,-1.691,3.972,False,,P95154
Rv1863c,-,integral membrane protein,NonEssential,H37Rv,0.61,-0.735,2.709,False,,P95152
Rv1864c,-,hypothetical protein,NonEssential,H37Rv,0.674,-0.549,2.376,False,,P95151
Rv1865c,-,oxidoreductase,NonEssential,H37Rv,1.208,-0.376,4.028,False,,P95150
Rv1866,-,mycolyltransferase antigen 85B,NonEssential,H37Rv,0.921,-0.74,3.881,False,,P95149
Rv1867,-,acetyl-CoA acetyltransferase,NonEssential,H37Rv,1.121,-0.366,3.506,False,,P95148
Rv1868,-,hypothetical protein,NonEssential,H37Rv,0.866,-0.991,3.722,False,,P95147
Rv1869c,-,oxidoreductase,NonEssential,H37Rv,1.079,-0.305,3.457,False,,P95146
Rv1870c,-,hypothetical protein,NonEssential,H37Rv,0.862,-0.788,3.463,False,,P95145
Rv1871c,-,deazaflavin-dependent nitroreductase,NonEssential,H37Rv,0.764,-0.375,2.721,False,,P95144
Rv1879,-,hypothetical protein,NonEssential,H37Rv,1.054,-0.593,3.692,False,,O07751
Rv1887,-,hypothetical protein,NonEssential,H37Rv,0.842,-0.558,3.159,False,,O07745
Rv1888c,-,transmembrane protein,NonEssential,H37Rv,1.487,0.026,3.873,False,,O07744
Rv1889c,-,hypothetical protein,NonEssential,H37Rv,0.813,-0.734,2.887,False,,O07743
Rv1890c,-,hypothetical protein,NonEssential,H37Rv,1.271,-0.074,3.622,False,,O07742
Rv1891,-,hypothetical protein,NonEssential,H37Rv,0.884,-0.389,3.142,False,,O07741
Rv1892,-,membrane protein,NonEssential,H37Rv,0.521,-1.049,2.757,False,,O07740
Rv1894c,-,hypothetical protein,NonEssential,H37Rv,1.2,-0.071,3.536,False,,O07738
Rv1895,-,dehydrogenase,NonEssential,H37Rv,1.209,-0.534,4.189,False,,O07737
Rv1896c,-,hypothetical protein,NonEssential,H37Rv,1.433,-0.074,4.013,False,,P9WFH7
Rv1897c,-,d-tyrosyl-tRNA(Tyr) deacylase,NonEssential,H37Rv,0.954,-0.169,2.779,False,,P9WNS9
Rv1898,-,hypothetical protein,NonEssential,H37Rv,0.567,-0.256,1.699,False,,P9WFQ1
Rv1906c,-,hypothetical protein,NonEssential,H37Rv,1.001,-0.501,3.478,False,,O07726
Rv1907c,-,hypothetical protein,NonEssential,H37Rv,0.248,-0.777,1.467,False,,L0TAY1
Rv1910c,-,exported protein,NonEssential,H37Rv,0.429,-0.451,1.752,False,,P9WFN5
Rv1913,-,hypothetical protein,NonEssential,H37Rv,1.188,-1.146,5.024,False,,O07720
Rv1914c,-,hypothetical protein,NonEssential,H37Rv,0.378,-0.943,2.14,False,,O07719
Rv1919c,-,hypothetical protein,NonEssential,H37Rv,0.372,-0.675,2.027,False,,O53961
Rv1920,-,membrane protein,NonEssential,H37Rv,1.344,-0.257,3.81,False,,O53962
Rv1922,-,beta-lactamase,NonEssential,H37Rv,1.184,-0.15,3.513,False,,P95291
Rv1927,-,hypothetical protein,NonEssential,H37Rv,0.732,-0.161,2.163,False,,P95287
Rv1928c,-,oxidoreductase,NonEssential,H37Rv,1.193,-0.273,3.639,False,,P95286
Rv1929c,-,hypothetical protein,NonEssential,H37Rv,1.546,-0.064,4.201,False,,P95285
Rv1930c,-,hypothetical protein,NonEssential,H37Rv,0.56,-0.386,1.972,False,,P95284
Rv1931c,-,transcriptional regulator,NonEssential,H37Rv,0.667,-0.87,2.841,False,,P95283
Rv1936,-,monooxygenase,NonEssential,H37Rv,0.8,-0.481,2.86,False,,P95278
Rv1937,-,oxidoreductase,NonEssential,H37Rv,0.808,-0.658,3.269,False,,P95277
Rv1939,-,oxidoreductase,NonEssential,H37Rv,0.26,-0.78,1.836,False,,P95275
Rv1941,-,oxidoreductase,NonEssential,H37Rv,0.654,-0.295,2.131,False,,I6XZC4
Rv1944c,-,hypothetical protein,NonEssential,H37Rv,-0.038,-0.679,0.6,False,,P95270
Rv1945,-,hypothetical protein,NonEssential,H37Rv,1.167,-0.638,3.682,False,,P9WLQ5
Rv1947,-,hypothetical protein,NonEssential,H37Rv,0.457,-0.41,1.743,False,,P95267
Rv1948c,-,hypothetical protein,NonEssential,H37Rv,1.265,-0.508,4.154,False,,P95266
Rv1949c,-,hypothetical protein,NonEssential,H37Rv,1.267,-0.866,4.696,False,,L0T9Q6
Rv1961,-,hypothetical protein,NonEssential,H37Rv,0.385,-2.566,3.734,False,,P95253
Rv1972,-,MCE-associated membrane protein,NonEssential,H37Rv,0.999,-0.626,3.471,False,,O53973
Rv1973,-,MCE-associated membrane protein,NonEssential,H37Rv,1.356,-0.423,4.164,False,,P9WJ77
Rv1974,-,membrane protein,NonEssential,H37Rv,0.574,-0.619,2.131,False,,O53975
Rv1975,-,hypothetical protein,NonEssential,H37Rv,1.365,-0.011,3.815,False,,O53976
Rv1976c,-,hypothetical protein,NonEssential,H37Rv,0.76,-0.716,2.935,False,,O53977
Rv1977,-,hypothetical protein,NonEssential,H37Rv,1.411,-0.478,4.435,False,,O53978
Rv1978,-,hypothetical protein,NonEssential,H37Rv,1.035,-1.177,4.439,False,,O53979
Rv1985c,-,transcriptional regulator LysR-family,NonEssential,H37Rv,1.023,-0.279,3.09,False,,P9WMF5
Rv1986,-,l-lysine exporter,NonEssential,H37Rv,1.318,-0.012,3.596,False,,P9WK31
Rv1987,-,chitinase,NonEssential,H37Rv,0.477,-0.533,2.163,False,,P9WLQ1
Rv1989c,-,hypothetical protein,NonEssential,H37Rv,1.327,-0.069,3.793,False,,P9WLP9
Rv1990A,-,oxidoreductase,NonEssential,H37Rv,0.411,-0.703,1.805,False,,L7N6A3
Rv1993c,-,hypothetical protein,NonEssential,H37Rv,-2.963,-14.124,7.944,False,,P9WLP5
Rv1998c,-,hypothetical protein,NonEssential,H37Rv,1.152,-0.349,3.72,False,,P9WLN9
Rv1999c,-,APA family basic amino acid/polyamine antiporter,NonEssential,H37Rv,1.005,-0.805,3.672,False,,P9WQM3
Rv2000,-,hypothetical protein,NonEssential,H37Rv,0.694,-2.065,4.39,False,,P9WLN7
Rv2001,-,hypothetical protein,NonEssential,H37Rv,0.7,-0.616,2.811,False,,P9WLN5
Rv2003c,-,hypothetical protein,NonEssential,H37Rv,0.94,-0.559,3.408,False,,P9WJZ5
Rv2004c,-,hypothetical protein,NonEssential,H37Rv,1.727,-0.175,4.809,False,,P9WLN3
Rv2005c,-,universal stress protein,NonEssential,H37Rv,0.844,-0.894,3.78,False,,P9WLN1
Rv2008c,-,ATPase,NonEssential,H37Rv,-3.771,-7.132,1.223,False,,P9WLM9
Rv2011c,-,hypothetical protein,NonEssential,H37Rv,0.498,-0.562,2.195,False,,P9WLM5
Rv2012,-,hypothetical protein,NonEssential,H37Rv,0.63,-0.515,2.5,False,,P9WLM3
Rv2013,-,transposase,NonEssential,H37Rv,-2.258,-9.925,5.867,False,,Q10844
Rv2014,-,transposase,NonEssential,H37Rv,0.707,-0.32,2.452,False,,Q10843
Rv2015c,-,hypothetical protein,NonEssential,H37Rv,0.913,-6.09,8.772,False,,O53461
Rv2016,-,hypothetical protein,NonEssential,H37Rv,1.408,-0.155,4.072,False,,O53462
Rv2018,-,hypothetical protein,NonEssential,H37Rv,-5.85,-11.547,0.413,False,,O53464
Rv2023c,-,hypothetical protein,NonEssential,H37Rv,0.615,-0.971,2.906,False,,O53469
Rv2024c,-,hypothetical protein,NonEssential,H37Rv,1.261,-1.365,5.168,False,,O53470
Rv2025c,-,cation diffusion facilitator family transporter,NonEssential,H37Rv,1.194,-0.537,3.823,False,,P9WGF5
Rv2026c,-,universal stress protein,NonEssential,H37Rv,0.99,-0.74,3.894,False,,P9WFD1
Rv2028c,-,universal stress protein,NonEssential,H37Rv,0.428,-0.456,1.909,False,,P9WFD9
Rv2030c,-,erythromycin esterase,NonEssential,H37Rv,0.713,-0.554,2.893,False,,P9WLM1
Rv2033c,-,hypothetical protein,NonEssential,H37Rv,-0.038,-0.773,0.957,False,,O53477
Rv2034,-,repressor protein ArsR,NonEssential,H37Rv,0.127,-0.866,1.309,False,,O53478
Rv2035,-,hypothetical protein,NonEssential,H37Rv,0.294,-0.442,1.31,False,,O53479
Rv2036,-,hypothetical protein,NonEssential,H37Rv,0.634,-0.983,2.958,False,,O53480
Rv2037c,-,transmembrane protein,NonEssential,H37Rv,0.993,-1.381,4.138,False,,L0TB61
Rv2038c,-,cellobiose transporter ATP-binding protein,NonEssential,H37Rv,1.655,-0.403,5.019,False,,O53482
Rv2039c,-,sugar-transport ABC transporter permease,NonEssential,H37Rv,0.695,-0.922,3.162,False,,O53483
Rv2040c,-,sugar-transport ABC transporter permease,NonEssential,H37Rv,0.946,-0.488,3.359,False,,O53484
Rv2041c,-,sugar-binding lipoprotein,NonEssential,H37Rv,1.752,-0.397,5.311,False,,O53485
Rv2042c,-,hypothetical protein,NonEssential,H37Rv,1.341,-0.334,3.882,False,,O53486
Rv2044c,-,hypothetical protein,NonEssential,H37Rv,0.713,-0.44,2.459,False,,O53487
Rv2047c,-,hypothetical protein,NonEssential,H37Rv,1.598,0.136,3.358,False,,P9WIH5
Rv2049c,-,hypothetical protein,NonEssential,H37Rv,-0.286,-1.974,2.17,False,,O53491
Rv2052c,-,hypothetical protein,NonEssential,H37Rv,1.107,-0.491,3.482,False,,O53494
Rv2059,-,zinc/manganese transporter substrate-binding protein,NonEssential,H37Rv,1.041,-0.577,3.589,False,,O07257
Rv2060,-,zinc/manganese transporter permease,NonEssential,H37Rv,Not Present.,Not Present.,Not Present.,Not Present.,Not Present.,O86339
Rv2061c,-,hypothetical protein,NonEssential,H37Rv,0.532,-0.902,2.532,False,,O86340
Rv2067c,-,hypothetical protein,NonEssential,H37Rv,0.774,-1.644,4.278,False,,P9WLL9
Rv2073c,-,oxidoreductase,NonEssential,H37Rv,0.625,-1.196,3.385,False,,P9WGR3
Rv2074,-,pyridoxamine 5'-phosphate oxidase,NonEssential,H37Rv,0.213,-0.715,1.407,False,,P9WLL7
Rv2075c,-,exported or envelope protein,NonEssential,H37Rv,1.387,-0.157,3.999,False,,P9WLL5
Rv2076c,-,hypothetical protein,NonEssential,H37Rv,0.442,-0.619,2.073,False,,P9WLL3
Rv2077A,-,hypothetical protein,NonEssential,H37Rv,0.747,-0.227,2.277,False,,L7N6B8
Rv2077c,-,transmembrane protein,NonEssential,H37Rv,0.713,-0.858,3.279,False,,P9WLL1
Rv2078,-,hypothetical protein,NonEssential,H37Rv,0.271,-0.728,1.738,False,,P9WLK9
Rv2079,-,hypothetical protein,NonEssential,H37Rv,0.916,-0.308,2.827,False,,P9WLK7
Rv2081c,-,transmembrane protein,NonEssential,H37Rv,0.449,-1.459,2.741,False,,P9WLK5
Rv2082,-,hypothetical protein,NonEssential,H37Rv,0.991,-0.76,3.89,False,,Q10690
Rv2083,-,hypothetical protein,NonEssential,H37Rv,0.727,-0.225,2.237,False,,P9WLK3
Rv2084,-,hypothetical protein,NonEssential,H37Rv,0.689,-0.583,2.73,False,,P9WLK1
Rv2086,-,transposase,NonEssential,H37Rv,0.934,-0.32,3.282,False,,P64937
Rv2087,-,transposase,NonEssential,H37Rv,-0.098,-9.511,9.36,False,,P9WLJ7
Rv2090,-,5'-3' exonuclease,NonEssential,H37Rv,0.97,-0.522,3.298,False,,P9WNU3
Rv2091c,-,membrane protein,NonEssential,H37Rv,1.408,-0.633,4.837,False,,P9WLJ5
Rv2100,-,hypothetical protein,NonEssential,H37Rv,1.076,-0.72,4.12,False,,P9WLJ3
Rv2102,-,hypothetical protein,NonEssential,H37Rv,1.174,-0.112,3.32,False,,O53500
Rv2105,-,transposase,NonEssential,H37Rv,Not Present.,Not Present.,Not Present.,Not Present.,Not Present.,P9WKH5
Rv2106,-,transposase,NonEssential,H37Rv,Not Present.,Not Present.,Not Present.,Not Present.,Not Present.,P9WKH9
Rv2117,-,hypothetical protein,NonEssential,H37Rv,0.477,-0.39,1.786,False,,O33252
Rv2118c,-,RNA methyltransferase,NonEssential,H37Rv,0.641,-1.063,3.011,False,,P9WFZ1
Rv2119,-,exonuclease RecB,NonEssential,H37Rv,0.903,-0.662,3.611,False,,O33254
Rv2120c,-,integral membrane protein,NonEssential,H37Rv,-0.26,-0.379,-0.125,False,,O33255
Rv2125,-,hypothetical protein,NonEssential,H37Rv,-0.864,-6.498,4.884,False,,O33260
Rv2128,-,transmembrane protein,NonEssential,H37Rv,0.959,-0.38,3.034,False,,O33262
Rv2129c,-,oxidoreductase,NonEssential,H37Rv,1.199,-0.207,3.762,False,,O33263
Rv2132,-,hypothetical protein,NonEssential,H37Rv,1.264,-0.172,3.548,False,,O06243
Rv2133c,-,hypothetical protein,NonEssential,H37Rv,0.892,-0.581,3.35,False,,O06242
Rv2134c,-,hypothetical protein,NonEssential,H37Rv,0.23,-2.244,3.398,False,,O06241
Rv2135c,-,hypothetical protein,NonEssential,H37Rv,0.276,-2.81,4.786,False,,O06240
Rv2136c,-,undecaprenyl-diphosphatase,NonEssential,H37Rv,0.445,-2.204,3.96,False,,P9WFF9
Rv2137c,-,hypothetical protein,NonEssential,H37Rv,1.034,-1.224,4.194,False,,O06238
Rv2141c,-,hypothetical protein,NonEssential,H37Rv,1.042,-0.892,3.971,False,,L7N684
Rv2148c,-,alanine racemase domain-containing protein,NonEssential,H37Rv,1.004,-0.931,4.126,False,,P9WFQ7
Rv2159c,-,alkylhydroperoxidase AhpD family core domain-containing protein,NonEssential,H37Rv,0.565,-1.247,3.28,False,,O06218
Rv2160A,-,hypothetical protein,NonEssential,H37Rv,0.57,-0.272,1.856,False,,L0TBP1
Rv2161c,-,hypothetical protein,NonEssential,H37Rv,1.014,-0.011,2.746,False,,O06216
Rv2166c,-,protein MraZ,NonEssential,H37Rv,-10.86,-20.249,-0.848,False,,P9WJN9
Rv2167c,-,transposase,NonEssential,H37Rv,Not Present.,Not Present.,Not Present.,Not Present.,Not Present.,P9WKH9
Rv2168c,-,transposase,NonEssential,H37Rv,Not Present.,Not Present.,Not Present.,Not Present.,Not Present.,P9WKH5
Rv2169c,-,transmembrane protein,NonEssential,H37Rv,-1.573,-4.206,2.322,False,,O53503
Rv2170,-,N-acetyltransferase,NonEssential,H37Rv,0.761,-0.803,3.161,False,,O53504
Rv2175c,-,regulatory protein,NonEssential,H37Rv,0.58,-2.45,3.896,False,,O53509
Rv2177c,-,transposase,NonEssential,H37Rv,0.047,-2.709,2.976,False,,O53511
Rv2179c,-,hypothetical protein,NonEssential,H37Rv,-0.403,-1.449,0.841,False,,P9WJ73
Rv2180c,-,integral membrane protein,NonEssential,H37Rv,0.674,-3.381,5.844,False,,O53514
Rv2183c,-,hypothetical protein,NonEssential,H37Rv,-0.109,-1.542,1.928,False,,O53517
Rv2184c,-,arsenite-transporting ATPase,NonEssential,H37Rv,0.29,-2.141,4.117,False,,O53518
Rv2189c,-,hypothetical protein,NonEssential,H37Rv,0.523,-0.816,2.559,False,,O53523
Rv2190c,-,hypothetical protein,NonEssential,H37Rv,-2.251,-4.21,0.706,False,,P9WHU3
Rv2191,-,"exonuclease, DNA polymerase III, epsilon subunit",NonEssential,H37Rv,1.304,-0.292,3.984,False,,P9WLJ1
Rv2197c,-,transmembrane protein,NonEssential,H37Rv,-0.698,-1.798,0.653,False,,P9WLI9
Rv2199c,-,integral membrane protein,NonEssential,H37Rv,-7.71,-11.689,-2.754,False,,P9WP45
Rv2203,-,membrane protein,NonEssential,H37Rv,1.642,-0.09,4.433,False,,P9WLI7
Rv2204c,-,iron-sulfur cluster assembly accessory protein,NonEssential,H37Rv,-1.674,-6.318,3.466,False,,P9WMN5
Rv2205c,-,glycerate kinase,NonEssential,H37Rv,-1.538,-9.239,5.541,False,,P9WMT7
Rv2206,-,transmembrane protein,NonEssential,H37Rv,-5.419,-10.483,0.528,False,,P9WLI5
Rv2212,-,adenylate cyclase,NonEssential,H37Rv,0.969,-0.438,3.108,False,,P9WMU7
Rv2216,-,cell division inhibitor Cdi,NonEssential,H37Rv,0.603,-1.237,3.486,False,,P9WGP7
Rv2219A,-,membrane protein,NonEssential,H37Rv,-0.322,-0.456,-0.196,False,,Q79FG7
Rv2223c,-,exported protease,NonEssential,H37Rv,0.655,-1.411,3.711,False,,P9WHR5
Rv2226,-,hypothetical protein,NonEssential,H37Rv,0.774,-1.442,3.9,False,,P9WLH9
Rv2227,-,hypothetical protein,NonEssential,H37Rv,1.224,-0.385,3.903,False,,P9WLH7
Rv2229c,-,hypothetical protein,NonEssential,H37Rv,-4.434,-7.661,-0.452,False,,P9WLH3
Rv2230c,-,hypothetical protein,NonEssential,H37Rv,-2.161,-6.969,3.271,False,,P9WFM1
Rv2237,-,hypothetical protein,NonEssential,H37Rv,1.274,-0.708,4.417,False,,P9WLH1
Rv2237A,-,hypothetical protein,NonEssential,H37Rv,0.187,-0.603,1.182,False,,I6XDU8
Rv2239c,-,hypothetical protein,NonEssential,H37Rv,-2.361,-4.257,0.506,False,,P9WLG9
Rv2240c,-,hypothetical protein,NonEssential,H37Rv,-1.701,-3.225,-0.299,False,,P9WLG7
Rv2248,-,hypothetical protein,NonEssential,H37Rv,1.01,-0.328,3.23,False,,P9WLG5
Rv2250c,-,transcriptional regulator,NonEssential,H37Rv,0.776,-0.587,3.036,False,,P9WMC5
Rv2251,-,flavoprotein,NonEssential,H37Rv,0.984,-1.106,4.159,False,,L0TBR2
Rv2252,-,diacylglycerol kinase,NonEssential,H37Rv,0.952,-0.48,3.242,False,,P9WP29
Rv2253,-,secreted protein,NonEssential,H37Rv,0.456,-1.69,3.192,False,,O53527
Rv2254c,-,membrane protein,NonEssential,H37Rv,0.768,-0.789,3.199,False,,O53528
Rv2255c,-,hypothetical protein,NonEssential,H37Rv,0.338,-0.464,1.597,False,,O53529
Rv2256c,-,hypothetical protein,NonEssential,H37Rv,-2.528,-4.402,-0.594,False,,O53530
Rv2257c,-,hypothetical protein,NonEssential,H37Rv,0.184,-2.285,3.465,False,,O53531
Rv2258c,-,transcriptional regulator,NonEssential,H37Rv,1.135,-0.453,3.826,False,,O53532
Rv2260,-,hydroxyacylglutathione hydrolase,NonEssential,H37Rv,0.535,-0.639,2.533,False,,O53534
Rv2261c,-,apolipoprotein N-acyltransferase,NonEssential,H37Rv,0.592,-2.311,4.423,False,,I6XDW5
Rv2262c,-,apolipoprotein N-acyltransferase,NonEssential,H37Rv,0.198,-3.27,4.648,False,,O53536
Rv2263,-,oxidoreductase,NonEssential,H37Rv,0.912,-0.538,3.314,False,,O53537
Rv2264c,-,proline rich protein,NonEssential,H37Rv,0.7,-3.469,6.251,False,,O53538
Rv2265,-,integral membrane protein,NonEssential,H37Rv,1.062,-0.41,3.417,False,,P9WLG3
Rv2267c,-,hypothetical protein,NonEssential,H37Rv,1.143,-1.161,4.604,False,,P9WLG1
Rv2269c,-,hypothetical protein,NonEssential,H37Rv,0.925,-0.661,3.909,False,,P9WLF9
Rv2271,-,hypothetical protein,NonEssential,H37Rv,0.912,-0.184,2.778,False,,P9WLF7
Rv2272,-,transmembrane protein,NonEssential,H37Rv,0.892,-0.286,2.69,False,,P9WLF5
Rv2273,-,transmembrane protein,NonEssential,H37Rv,0.925,-0.439,3.164,False,,P9WLF3
Rv2275,-,hypothetical protein,NonEssential,H37Rv,1.169,-0.302,3.825,False,,P9WPF9
Rv2277c,-,glycerolphosphodiesterase,NonEssential,H37Rv,0.335,-5.61,7.821,False,,P9WLF1
Rv2278,-,transposase,NonEssential,H37Rv,Not Present.,Not Present.,Not Present.,Not Present.,Not Present.,P9WKH5
Rv2279,-,transposase,NonEssential,H37Rv,Not Present.,Not Present.,Not Present.,Not Present.,Not Present.,P9WKH9
Rv2280,-,glycolate oxidase subunit GlcD,NonEssential,H37Rv,0.91,-0.481,3.402,False,,P9WIT1
Rv2282c,-,transcriptional regulator LysR-family,NonEssential,H37Rv,0.482,-2.128,3.845,False,,P9WMF3
Rv2283,-,hypothetical protein,NonEssential,H37Rv,-0.118,-9.387,9.238,False,,P9WLE9
Rv2285,-,diacylglycerol acyltransferase,NonEssential,H37Rv,1.163,-0.494,3.856,False,,P9WKB5
Rv2286c,-,hypothetical protein,NonEssential,H37Rv,0.54,-0.848,2.598,False,,P9WLE7
Rv2288,-,hypothetical protein,NonEssential,H37Rv,1.195,-0.174,3.387,False,,P9WLE5
Rv2292c,-,hypothetical protein,NonEssential,H37Rv,1.053,-0.431,3.512,False,,P9WLE3
Rv2293c,-,hypothetical protein,NonEssential,H37Rv,1.008,-0.68,3.819,False,,P9WLE1
Rv2294,-,cystathionine beta-lyase,NonEssential,H37Rv,1.493,-0.087,4.319,False,,P9WQ83
Rv2295,-,hypothetical protein,NonEssential,H37Rv,0.927,-1.285,3.729,False,,P9WFL7
Rv2296,-,haloalkane dehalogenase,NonEssential,H37Rv,1.617,0.059,4.456,False,,P9WMS3
Rv2297,-,hypothetical protein,NonEssential,H37Rv,0.274,-0.83,1.964,False,,P9WLD9
Rv2298,-,hypothetical protein,NonEssential,H37Rv,1.408,-0.963,5.219,False,,P9WQA7
Rv2300c,-,hypothetical protein,NonEssential,H37Rv,1.418,-0.575,4.863,False,,P9WLD7
Rv2302,-,hypothetical protein,NonEssential,H37Rv,0.973,-0.81,3.576,False,,P9WLD5
Rv2303c,-,antibiotic-resistance protein,NonEssential,H37Rv,1.142,-1.143,4.856,False,,Q50662
Rv2305,-,hypothetical protein,NonEssential,H37Rv,1.252,-0.126,3.58,False,,P9WLD1
Rv2306A,-,membrane protein,NonEssential,H37Rv,0.961,-0.942,3.978,False,,Q79FG5
Rv2306B,-,membrane protein,NonEssential,H37Rv,-4.162,-20.164,11.098,False,,Q79FG4
Rv2307A,-,glycine rich protein,NonEssential,H37Rv,-0.001,-3.913,4.723,False,,L7N678
Rv2307B,-,glycine rich protein,NonEssential,H37Rv,0.425,-0.799,2.201,False,,Q79FG2
Rv2307c,-,hypothetical protein,NonEssential,H37Rv,0.986,-0.809,3.894,False,,P9WLC7
Rv2307D,-,hypothetical protein,NonEssential,H37Rv,0.283,-1.32,2.213,False,,L7N683
Rv2308,-,hypothetical protein,NonEssential,H37Rv,0.976,-0.405,3.198,False,,P9WLC5
Rv2309A,-,hypothetical protein,NonEssential,H37Rv,0.246,-0.549,1.277,False,,L7N666
Rv2309c,-,integrase,NonEssential,H37Rv,-7.717,-16.429,1.671,False,,P71903
Rv2310,-,excisionase,NonEssential,H37Rv,0.227,-0.727,1.538,False,,P9WLC3
Rv2311,-,hypothetical protein,NonEssential,H37Rv,0.11,-0.697,1.339,False,,P9WLC1
Rv2312,-,hypothetical protein,NonEssential,H37Rv,0.817,-0.898,3.147,False,,P9WLB9
Rv2313c,-,hypothetical protein,NonEssential,H37Rv,0.663,-0.568,2.589,False,,P9WLB7
Rv2314c,-,hypothetical protein,NonEssential,H37Rv,0.986,-1.78,5.001,False,,P71898
Rv2315c,-,protein TldD,NonEssential,H37Rv,0.969,-1.646,4.827,False,,P71897
Rv2319c,-,universal stress protein,NonEssential,H37Rv,0.666,-1.464,3.593,False,,P9WLB5
Rv2323c,-,hypothetical protein,NonEssential,H37Rv,1.182,-0.675,4.253,False,,P71889
Rv2324,-,transcriptional regulator AsnC-family,NonEssential,H37Rv,0.682,-0.389,2.471,False,,P71888
Rv2325c,-,cobalt/nickel transporter permease,NonEssential,H37Rv,1.139,-1.012,4.572,False,,P9WPI7
Rv2326c,-,cobalt/nickel transporter ATP-binding protein,NonEssential,H37Rv,1.304,-0.363,3.911,False,,P9WQI7
Rv2327,-,hypothetical protein,NonEssential,H37Rv,0.372,-0.608,1.817,False,,P71885
Rv2331,-,hypothetical protein,NonEssential,H37Rv,0.416,-0.476,1.956,False,,P9WLB3
Rv2331A,-,hypothetical protein,NonEssential,H37Rv,1.532,-0.948,5.157,False,,Q79FF7
Rv2336,-,hypothetical protein,NonEssential,H37Rv,1.581,-0.068,4.477,False,,P95232
Rv2337c,-,hypothetical protein,NonEssential,H37Rv,1.205,-0.715,3.979,False,,P95233
Rv2342,-,hypothetical protein,NonEssential,H37Rv,-0.726,-2.019,0.867,False,,P95238
Rv2354,-,transposase,NonEssential,H37Rv,Not Present.,Not Present.,Not Present.,Not Present.,Not Present.,P9WKH5
Rv2355,-,transposase,NonEssential,H37Rv,Not Present.,Not Present.,Not Present.,Not Present.,Not Present.,P9WKH9
Rv2360c,-,hypothetical protein,NonEssential,H37Rv,0.907,-0.629,3.258,False,,O05838
Rv2365c,-,cytidine deaminase,NonEssential,H37Rv,Not Present.,Not Present.,Not Present.,Not Present.,Not Present.,O05833
Rv2366c,-,transmembrane protein,NonEssential,H37Rv,-0.648,-5.932,5.49,False,,P9WFP1
Rv2367c,-,"metalloprotein, YbeY/UPF0054family",NonEssential,H37Rv,-7.824,-11.62,-2.516,False,,P9WGX9
Rv2369c,-,hypothetical protein,NonEssential,H37Rv,0.431,-0.453,1.642,False,,L0TC46
Rv2370c,-,hypothetical protein,NonEssential,H37Rv,0.545,-0.545,2.234,False,,O05828
Rv2372c,-,ribosomal RNA small subunit methyltransferase E,NonEssential,H37Rv,0.294,-1.348,3.003,False,,P9WGX1
Rv2375,-,hypothetical protein,NonEssential,H37Rv,0.608,-0.303,2.024,False,,O05823
Rv2387,-,hypothetical protein,NonEssential,H37Rv,0.894,-0.492,3.337,False,,P71757
Rv2395,-,OPT family oligopeptide transporter,NonEssential,H37Rv,1.257,-0.285,3.783,False,,P71749
Rv2401,-,hypothetical protein,NonEssential,H37Rv,0.465,-0.738,2.174,False,,O86326
Rv2402,-,hypothetical protein,NonEssential,H37Rv,1.417,-0.362,4.71,False,,P71741
Rv2405,-,hypothetical protein,NonEssential,H37Rv,-0.052,-6.939,6.927,False,,P71738
Rv2406c,-,hypothetical protein,NonEssential,H37Rv,0.097,-0.741,1.251,False,,P71737
Rv2407,-,ribonuclease Z,NonEssential,H37Rv,0.958,-1.445,4.31,False,,P9WGZ5
Rv2409c,-,hypothetical protein,NonEssential,H37Rv,0.644,-0.658,2.592,False,,P71734
Rv2410c,-,hypothetical protein,NonEssential,H37Rv,0.863,-2.21,5.119,False,,P71733
Rv2414c,-,competence protein ComEC,NonEssential,H37Rv,0.694,-2.133,4.376,False,,P71729
Rv2415c,-,competence protein ComEA,NonEssential,H37Rv,1.175,-0.681,4.065,False,,P71728
Rv2417c,-,DegV family EDD domain-containing protein,NonEssential,H37Rv,0.874,-0.272,2.659,False,,P9WP05
Rv2420c,-,iojap-like ribosome-associated protein,NonEssential,H37Rv,-0.512,-3.998,3.8,False,,O86327
Rv2422,-,hypothetical protein,NonEssential,H37Rv,0.721,-0.313,2.254,False,,P71926
Rv2423,-,hypothetical protein,NonEssential,H37Rv,1.487,-0.293,4.713,False,,P71925
Rv2424c,-,transposase,NonEssential,H37Rv,0.455,-0.648,1.928,False,,P71924
Rv2425c,-,hypothetical protein,NonEssential,H37Rv,0.81,-3.08,5.938,False,,P71923
Rv2426c,-,hypothetical protein,NonEssential,H37Rv,0.82,-1.525,4.365,False,,P71922
Rv2432c,-,hypothetical protein,NonEssential,H37Rv,0.058,-0.703,0.878,False,,P71917
Rv2433c,-,hypothetical protein,NonEssential,H37Rv,0.104,-1.112,1.698,False,,P71916
Rv2434c,-,transmembrane protein,NonEssential,H37Rv,0.318,-2.372,4.278,False,,P71915
Rv2435c,-,cyclase,NonEssential,H37Rv,0.927,-1.146,4.43,False,,P71914
Rv2437,-,transmembrane protein,NonEssential,H37Rv,-0.171,-0.291,-0.067,False,,P71912
Rv2446c,-,integral membrane protein,NonEssential,H37Rv,-0.471,-0.615,-0.311,False,,O53173
Rv2449c,-,"saccharopine dehydrogenase (NAD+, L-lysine forming)",NonEssential,H37Rv,0.441,-1.594,3.691,False,,O53176
Rv2451,-,proline and serine rich protein,NonEssential,H37Rv,0.26,-0.908,2.013,False,,O53178
Rv2452c,-,hypothetical protein,NonEssential,H37Rv,1.06,-2.372,5.882,False,,O53179
Rv2464c,-,endonuclease VIII,NonEssential,H37Rv,0.942,-1.63,4.074,False,,P9WNB9
Rv2466c,-,hypothetical protein,NonEssential,H37Rv,0.812,-2.13,5.019,False,,O53193
Rv2468A,-,hypothetical protein,NonEssential,H37Rv,-0.049,-1.149,1.552,False,,I6YDH3
Rv2468c,-,hypothetical protein,NonEssential,H37Rv,0.151,-0.847,1.874,False,,P9WLA7
Rv2469c,-,hypothetical protein,NonEssential,H37Rv,0.669,-0.608,2.772,False,,O53196
Rv2472,-,hypothetical protein,NonEssential,H37Rv,1.358,-0.566,4.716,False,,O53199
Rv2473,-,alanine and proline rich membrane protein,NonEssential,H37Rv,0.638,-0.285,2.11,False,,O53200
Rv2474c,-,hypothetical protein,NonEssential,H37Rv,0.566,-0.566,2.471,False,,I6X4D6
Rv2475c,-,YbgC/YbaW family acyl-CoA thioester hydrolase,NonEssential,H37Rv,0.865,-1.663,3.873,False,,I6Y9E8
Rv2478c,-,single-strand DNA-binding protein,NonEssential,H37Rv,1.19,-0.436,3.838,False,,O53205
Rv2479c,-,transposase,NonEssential,H37Rv,Not Present.,Not Present.,Not Present.,Not Present.,Not Present.,P9WKH9
Rv2480c,-,transposase,NonEssential,H37Rv,Not Present.,Not Present.,Not Present.,Not Present.,Not Present.,P9WKH5
Rv2481c,-,hypothetical protein,NonEssential,H37Rv,0.706,-0.813,2.691,False,,O53206
Rv2484c,-,diacylglycerol acyltransferase,NonEssential,H37Rv,1.055,-2.379,5.976,False,,P9WKB3
Rv2488c,-,transcriptional regulator LuxR-family,NonEssential,H37Rv,0.34,-2.922,4.611,False,,O53213
Rv2489c,-,alanine rich protein,NonEssential,H37Rv,0.169,-1.95,2.816,False,,O53214
Rv2492,-,hypothetical protein,NonEssential,H37Rv,1.253,-0.05,3.512,False,,I6YDJ7
Rv2499c,-,oxidase regulatory protein,NonEssential,H37Rv,1.198,-1.118,4.768,False,,I6Y9H2
Rv2506,-,transcriptional regulator TetR-family,NonEssential,H37Rv,0.589,-1.284,3.596,False,,O06169
Rv2507,-,proline rich membrane protein,NonEssential,H37Rv,-1.902,-4.144,1.048,False,,O06170
Rv2508c,-,UMF1 family MFS transporter,NonEssential,H37Rv,0.704,-1.115,3.549,False,,O06171
Rv2510c,-,ATPase,NonEssential,H37Rv,1.027,-1.917,5.094,False,,I6Y0X6
Rv2512c,-,transposase,NonEssential,H37Rv,Not Present.,Not Present.,Not Present.,Not Present.,Not Present.,P60230
Rv2513,-,hypothetical protein,NonEssential,H37Rv,1.337,-0.469,4.427,False,,O06175
Rv2514c,-,hypothetical protein,NonEssential,H37Rv,1.345,-0.343,4.265,False,,I6Y0Y0
Rv2515c,-,hypothetical protein,NonEssential,H37Rv,0.826,-1.186,4.004,False,,I6XEH5
Rv2517c,-,hypothetical protein,NonEssential,H37Rv,0.535,-1.878,4.58,False,,O53222
Rv2522c,-,hypothetical protein,NonEssential,H37Rv,1.253,-0.326,3.838,False,,I6X4J0
Rv2525c,-,tat pathway signal sequence,NonEssential,H37Rv,0.699,-0.538,2.676,False,,I6XEI5
Rv2529,-,hypothetical protein,NonEssential,H37Rv,1.049,-0.359,3.371,False,,P95024
Rv2531c,-,arginine decarboxylase,NonEssential,H37Rv,1.188,-0.674,4.386,False,,I6X4K0
Rv2532c,-,N utilization substance protein NusB,NonEssential,H37Rv,0.287,-0.52,1.528,False,,P95021
Rv2542,-,hypothetical protein,NonEssential,H37Rv,1.282,-0.41,4.114,False,,P95011
Rv2548A,-,hypothetical protein,NonEssential,H37Rv,-10.534,-19.682,-1.865,False,,I6XEK2
Rv2551c,-,leader peptidase (prepilin peptidase)/N-methyltransferase,NonEssential,H37Rv,0.675,-0.346,2.253,False,,I6Y9M6
Rv2553c,-,membrane protein,NonEssential,H37Rv,-4.095,-10.82,4.146,False,,I6XEK6
Rv2556c,-,hypothetical protein,NonEssential,H37Rv,0.618,-0.939,2.971,False,,P9WFP9
Rv2557,-,hypothetical protein,NonEssential,H37Rv,0.842,-0.153,2.354,False,,P9WLA5
Rv2558,-,hypothetical protein,NonEssential,H37Rv,0.51,-0.497,2.184,False,,P9WLA3
Rv2559c,-,ATPase,NonEssential,H37Rv,0.685,-1.303,3.396,False,,P9WQN1
Rv2560,-,proline and glycine rich transmembrane protein,NonEssential,H37Rv,1.275,-0.264,3.876,False,,P9WLA1
Rv2561,-,hypothetical protein,NonEssential,H37Rv,0.925,-0.294,2.961,False,,P9WL99
Rv2562,-,hypothetical protein,NonEssential,H37Rv,0.752,-0.446,2.71,False,,P9WL99
Rv2563,-,glutamine-transport ABC transporter transmembrane protein,NonEssential,H37Rv,1.454,-0.072,3.823,False,,P9WG15
Rv2565,-,hypothetical protein,NonEssential,H37Rv,1.706,0.143,4.325,False,,P9WIY7
Rv2566,-,hypothetical protein,NonEssential,H37Rv,1.273,-0.449,4.381,False,,Q50732
Rv2567,-,alanine and leucine rich protein,NonEssential,H37Rv,0.815,-1.046,4.086,False,,P9WL97
Rv2568c,-,hypothetical protein,NonEssential,H37Rv,0.536,-2.984,5.347,False,,P9WL95
Rv2569c,-,hypothetical protein,NonEssential,H37Rv,-0.318,-2.563,2.733,False,,P9WL93
Rv2570,-,hypothetical protein,NonEssential,H37Rv,0.189,-0.734,1.526,False,,P9WL91
Rv2571c,-,transmembrane alanine and valine and leucine rich protein,NonEssential,H37Rv,0.861,-2.678,4.762,False,,P9WL89
Rv2573,-,2-dehydropantoate 2-reductase,NonEssential,H37Rv,1.173,-0.188,3.422,False,,P9WIL1
Rv2574,-,hypothetical protein,NonEssential,H37Rv,0.283,-0.955,2.201,False,,P9WL87
Rv2575,-,glycine rich membrane protein,NonEssential,H37Rv,1.157,-0.163,3.557,False,,P9WL85
Rv2576c,-,membrane protein,NonEssential,H37Rv,0.703,-0.212,1.975,False,,P9WL83
Rv2577,-,hypothetical protein,NonEssential,H37Rv,0.908,-0.399,2.906,False,,P9WL81
Rv2578c,-,hypothetical protein,NonEssential,H37Rv,1.01,-0.556,3.61,False,,P9WL79
Rv2585c,-,peptide/nickel transporter substrate-binding protein,NonEssential,H37Rv,0.891,-1.618,4.663,False,,P9WL77
Rv2603c,-,hypothetical protein,NonEssential,H37Rv,-2.57,-8.859,4.466,False,,P9WGA5
Rv2613c,-,AP-4-A phosphorylase,NonEssential,H37Rv,-7.583,-13.635,-0.688,False,,P9WMK9
Rv2614A,-,hypothetical protein,NonEssential,H37Rv,0.286,-1.535,2.308,False,,Q79FC4
Rv2616,-,hypothetical protein,NonEssential,H37Rv,1.359,-0.452,4.299,False,,O06198
Rv2618,-,hypothetical protein,NonEssential,H37Rv,0.492,-0.898,2.608,False,,O06195
Rv2619c,-,hypothetical protein,NonEssential,H37Rv,0.815,-0.261,2.629,False,,O06194
Rv2620c,-,transmembrane protein,NonEssential,H37Rv,-0.277,-0.422,-0.138,False,,I6Y9U6
Rv2621c,-,transcriptional regulator,NonEssential,H37Rv,0.569,-0.539,2.372,False,,I6Y187
Rv2622,-,methyltransferase,NonEssential,H37Rv,1.036,-0.273,3.384,False,,I6XES4
Rv2624c,-,universal stress protein,NonEssential,H37Rv,0.965,-0.421,3.365,False,,P9WFD5
Rv2625c,-,transmembrane alanine and leucine rich protein,NonEssential,H37Rv,0.346,-1.164,2.831,False,,P9WHR1
Rv2627c,-,hypothetical protein,NonEssential,H37Rv,1.133,-1.015,4.631,False,,P9WL67
Rv2628,-,hypothetical protein,NonEssential,H37Rv,Not Present.,Not Present.,Not Present.,Not Present.,Not Present.,P9WL65
Rv2629,-,hypothetical protein,NonEssential,H37Rv,1.321,-0.813,4.854,False,,P9WL63
Rv2630,-,hypothetical protein,NonEssential,H37Rv,0.721,-1.092,3.516,False,,P9WQ03
Rv2631,-,hypothetical protein,NonEssential,H37Rv,1.513,-0.242,4.71,False,,P9WGW5
Rv2633c,-,hypothetical protein,NonEssential,H37Rv,0.884,-0.328,2.942,False,,P9WL59
Rv2635,-,hypothetical protein,NonEssential,H37Rv,0.525,-0.465,2.106,False,,P9WL57
Rv2636,-,hypothetical protein,NonEssential,H37Rv,1.079,-0.4,3.668,False,,P9WL55
Rv2638,-,anti-anti-sigma factor,NonEssential,H37Rv,0.324,-0.529,1.524,False,,I6X4W0
Rv2639c,-,membrane protein,NonEssential,H37Rv,0.853,-0.319,2.568,False,,P9WFN9
Rv2640c,-,transcriptional regulator ArsR-family,NonEssential,H37Rv,0.414,-0.832,2.212,False,,I6Y1A7
Rv2642,-,transcriptional regulator ArsR-family,NonEssential,H37Rv,0.492,-0.623,2.314,False,,P71941
Rv2644c,-,hypothetical protein,NonEssential,H37Rv,0.492,-0.393,1.574,False,,P9WL53
Rv2645,-,hypothetical protein,NonEssential,H37Rv,0.465,-0.501,1.911,False,,P9WL51
Rv2646,-,integrase,NonEssential,H37Rv,1.51,-0.183,4.235,False,,I6XEU5
Rv2647,-,hypothetical protein,NonEssential,H37Rv,0.643,-0.609,2.491,False,,I6YDZ2
Rv2648,-,transposase,NonEssential,H37Rv,Not Present.,Not Present.,Not Present.,Not Present.,Not Present.,P9WKH5
Rv2649,-,transposase,NonEssential,H37Rv,Not Present.,Not Present.,Not Present.,Not Present.,Not Present.,P9WKH9
Rv2653c,-,prophage PhiRv2 protein,NonEssential,H37Rv,0.801,-1.51,4.009,False,,P9WJ13
Rv2655c,-,prophage PhiRv2 protein,NonEssential,H37Rv,0.661,-2.646,5.448,False,,I6Y1F0
Rv2656c,-,prophage PhiRv2 protein,NonEssential,H37Rv,0.764,-0.844,3.069,False,,P9WL49
Rv2657c,-,prophage PhiRv2 protein,NonEssential,H37Rv,0.481,-0.37,1.904,False,,I6YE30
Rv2658c,-,prophage PhiRv2 protein,NonEssential,H37Rv,0.97,-0.291,2.784,False,,P9WL47
Rv2659c,-,prophage PhiRv2 integrase,NonEssential,H37Rv,1.327,-0.084,3.848,False,,P9WMB3
Rv2660c,-,hypothetical protein,NonEssential,H37Rv,Not Present.,Not Present.,Not Present.,Not Present.,Not Present.,I6Y1F5
Rv2661c,-,hypothetical protein,NonEssential,H37Rv,-0.308,-1.195,0.803,False,,P71958
Rv2662,-,hypothetical protein,NonEssential,H37Rv,1.342,-0.78,4.883,False,,P71959
Rv2663,-,hypothetical protein,NonEssential,H37Rv,0.177,-1.614,2.337,False,,I6X520
Rv2665,-,arginine rich protein,NonEssential,H37Rv,0.556,-0.232,1.626,False,,I6Y1F9
Rv2666,-,transposase,NonEssential,H37Rv,Not Present.,Not Present.,Not Present.,Not Present.,Not Present.,P71963
Rv2668,-,exported alanine and valine rich protein,NonEssential,H37Rv,0.19,-2.499,3.319,False,,P71965
Rv2669,-,N-acetyltransferase,NonEssential,H37Rv,0.456,-2.947,4.852,False,,P9WQG5
Rv2670c,-,AFG1-family ATPase,NonEssential,H37Rv,0.29,-3.46,4.644,False,,I6Y1G3
Rv2672,-,secreted protease,NonEssential,H37Rv,0.493,-1.954,3.642,False,,P71969
Rv2680,-,hypothetical protein,NonEssential,H37Rv,-0.589,-3.663,3.544,False,,O86317
Rv2681,-,ribonuclease D,NonEssential,H37Rv,1.075,-1.536,4.616,False,,I6XF17
Rv2683,-,hypothetical protein,NonEssential,H37Rv,1.241,-0.122,3.408,False,,I6X540
Rv2686c,-,antibiotic-transport ABC transporter,NonEssential,H37Rv,1.304,-0.268,3.844,False,,P9WJB3
Rv2687c,-,antibiotic-transport ABC transporter,NonEssential,H37Rv,0.79,-1.451,3.883,False,,P9WJB1
Rv2688c,-,antibiotic-transport ABC transporter,NonEssential,H37Rv,0.857,-2.829,5.354,False,,P9WQL7
Rv2689c,-,methyltransferase,NonEssential,H37Rv,0.596,-1.034,3.206,False,,O07191
Rv2690c,-,integral membrane protein,NonEssential,H37Rv,-2.289,-4.428,1.081,False,,I6Y1H7
Rv2693c,-,integral membrane protein,NonEssential,H37Rv,1.04,-1.954,4.998,False,,I6X548
Rv2694c,-,hypothetical protein,NonEssential,H37Rv,-1.479,-2.486,-0.118,False,,O07196
Rv2695,-,alanine rich protein,NonEssential,H37Rv,0.304,-0.717,2.022,False,,I6Y1I1
Rv2696c,-,alanine and glycine and valine rich protein,NonEssential,H37Rv,-0.91,-1.958,0.182,False,,I6XF31
Rv2700,-,secreted alanine rich protein,NonEssential,H37Rv,0.045,-1.067,1.793,False,,I6Y1I5
Rv2714,-,alanine and leucine rich protein,NonEssential,H37Rv,1.192,-0.665,4.114,False,,I6YA29
Rv2715,-,hydrolase,NonEssential,H37Rv,1.57,-0.029,4.322,False,,P9WNH3
Rv2716,-,phenazine biosynthesis protein PhzF,NonEssential,H37Rv,0.492,-0.368,1.918,False,,P9WL43
Rv2717c,-,fatty acid-binding protein-like protein,NonEssential,H37Rv,1.214,-0.305,3.709,False,,P9WFG7
Rv2719c,-,cell wall hydrolase,NonEssential,H37Rv,-1.499,-11.668,8.952,False,,I6YA32
Rv2721c,-,alanine and glycine rich transmembrane protein,NonEssential,H37Rv,0.883,-2.143,4.866,False,,I6XF52
Rv2722,-,hypothetical protein,NonEssential,H37Rv,1.036,0.002,2.73,False,,O33227
Rv2723,-,TerC family integral membrane protein,NonEssential,H37Rv,1.55,-0.636,4.852,False,,P9WG93
Rv2728c,-,alanine rich protein,NonEssential,H37Rv,-3.387,-7.081,1.617,False,,I6X579
Rv2729c,-,integral membrane protein,NonEssential,H37Rv,0.623,-2.61,4.491,False,,O33234
Rv2730,-,hypothetical protein,NonEssential,H37Rv,0.192,-0.552,1.344,False,,I6Y1K4
Rv2731,-,alanine and arginine rich protein,NonEssential,H37Rv,0.756,-0.759,3.273,False,,I6XF60
Rv2732c,-,transmembrane protein,NonEssential,H37Rv,-0.153,-3.808,4.754,False,,O33237
Rv2733c,-,(Dimethylallyl)adenosine tRNA methylthiotransferase MiaB,NonEssential,H37Rv,-1.184,-4.079,3.064,False,,P9WK05
Rv2734,-,hypothetical protein,NonEssential,H37Rv,1.186,-0.666,4.303,False,,I6YA42
Rv2735c,-,hypothetical protein,NonEssential,H37Rv,1.691,-0.711,5.546,False,,I6Y1K7
Rv2738c,-,hypothetical protein,NonEssential,H37Rv,-2.002,-9.656,6.114,False,,I6YA47
Rv2739c,-,alanine rich transferase,NonEssential,H37Rv,0.619,-1.232,3.651,False,,O33282
Rv2742c,-,arginine rich protein,NonEssential,H37Rv,0.234,-0.534,1.182,False,,O33285
Rv2743c,-,alanine rich transmembrane protein,NonEssential,H37Rv,1,-2.749,5.658,False,,I6YA50
Rv2749,-,hypothetical protein,NonEssential,H37Rv,0.595,-0.3,2.256,False,,O33291
Rv2750,-,SDR family oxidoreductase,NonEssential,H37Rv,0.588,-0.506,2.445,False,,P9WGS5
Rv2751,-,hypothetical protein,NonEssential,H37Rv,0.745,-0.753,3.017,False,,I6YEA3
Rv2752c,-,hypothetical protein,NonEssential,H37Rv,1.241,-0.891,4.552,False,,P9WGZ9
Rv2762c,-,hypothetical protein,NonEssential,H37Rv,0.545,-0.575,1.845,False,,I6X5B0
Rv2765,-,carboxymethylenebutenolidase,NonEssential,H37Rv,1.252,-0.433,4.259,False,,I6XF92
Rv2766c,-,oxidoreductase,NonEssential,H37Rv,0.763,-0.342,2.539,False,,I6YEB6
Rv2767c,-,membrane protein,NonEssential,H37Rv,-0.924,-3.677,3.398,False,,O33309
Rv2771c,-,hypothetical protein,NonEssential,H37Rv,0.302,-1.057,2.127,False,,O33313
Rv2772c,-,transmembrane protein,NonEssential,H37Rv,-0.158,-0.349,0.023,False,,I6YA75
Rv2776c,-,oxidoreductase,NonEssential,H37Rv,0.734,-0.85,3.097,False,,O86347
Rv2777c,-,hypothetical protein,NonEssential,H37Rv,0.461,-3.143,5.138,False,,O33319
Rv2778c,-,hypothetical protein,NonEssential,H37Rv,0.601,-1.284,3.078,False,,I6Y1P2
Rv2779c,-,transcriptional regulator Lrp/AsnC-family,NonEssential,H37Rv,1.312,-0.419,4.15,False,,O33321
Rv2781c,-,oxidoreductase,NonEssential,H37Rv,1.095,-1.095,4.388,False,,I6X5C5
Rv2787,-,alanine rich protein,NonEssential,H37Rv,1.285,-0.321,3.871,False,,O33329
Rv2791c,-,transposase,NonEssential,H37Rv,0.896,-0.672,3.234,False,,O33333
Rv2792c,-,resolvase,NonEssential,H37Rv,0.289,-2.587,3.868,False,,I6YA93
Rv2795c,-,hypothetical protein,NonEssential,H37Rv,-3.115,-7.322,1.619,False,,I6YEE1
Rv2797c,-,hypothetical protein,NonEssential,H37Rv,1.105,-0.44,3.714,False,,P71654
Rv2798c,-,hypothetical protein,NonEssential,H37Rv,0.484,-0.822,2.395,False,,P71653
Rv2799,-,membrane protein,NonEssential,H37Rv,0.641,-0.371,2.149,False,,I6XFB7
Rv2800,-,hydrolase,NonEssential,H37Rv,1.437,-0.191,4.26,False,,I6YEE6
Rv2802c,-,arginine and alanine rich protein,NonEssential,H37Rv,0.782,-2.965,5.416,False,,P71649
Rv2803,-,hypothetical protein,NonEssential,H37Rv,1.153,-0.338,3.666,False,,I6XFC2
Rv2804c,-,hypothetical protein,NonEssential,H37Rv,-0.582,-2.793,2.209,False,,I6YEE9
Rv2805,-,hypothetical protein,NonEssential,H37Rv,0.313,-1.539,2.541,False,,P71646
Rv2806,-,membrane protein,NonEssential,H37Rv,0.014,-0.874,1.286,False,,I6YAA5
Rv2807,-,hypothetical protein,NonEssential,H37Rv,0.803,-0.854,3.663,False,,P71644
Rv2808,-,hypothetical protein,NonEssential,H37Rv,1.057,0.015,2.911,False,,P71643
Rv2809,-,hypothetical protein,NonEssential,H37Rv,-2.321,-10.522,6.42,False,,I6YEF3
Rv2810c,-,transposase,NonEssential,H37Rv,0.566,-0.597,2.059,False,,P71641
Rv2811,-,hypothetical protein,NonEssential,H37Rv,0.353,-0.888,1.805,False,,P71640
Rv2812,-,transposase,NonEssential,H37Rv,1.268,-0.524,4.125,False,,P71639
Rv2813,-,hypothetical protein,NonEssential,H37Rv,0.455,-0.219,1.462,False,,I6XFD1
Rv2814c,-,transposase,NonEssential,H37Rv,Not Present.,Not Present.,Not Present.,Not Present.,Not Present.,P9WKH9
Rv2815c,-,transposase,NonEssential,H37Rv,Not Present.,Not Present.,Not Present.,Not Present.,Not Present.,P9WKH5
Rv2816c,-,CRISPR-associated endoribonuclease cas2,NonEssential,H37Rv,0.609,-1.529,3.801,False,,P9WPJ3
Rv2817c,-,CRISPR-associated endonuclease cas1,NonEssential,H37Rv,1.006,-0.317,3.28,False,,P9WPJ5
Rv2818c,-,CRISPR type III-a/mtube-associated protein csm6,NonEssential,H37Rv,0.875,-1.684,4.511,False,,P71635
Rv2819c,-,CRISPR type III-a/mtube-associated ramp protein csm5,NonEssential,H37Rv,1.083,-1.076,4.024,False,,P9WJF5
Rv2820c,-,CRISPR type III-a/mtube-associated ramp protein csm4,NonEssential,H37Rv,0.041,-2.616,4.167,False,,P9WJF7
Rv2821c,-,CRISPR type III-a/mtube-associated ramp protein csm3,NonEssential,H37Rv,1.556,-0.537,4.95,False,,P9WJF9
Rv2822c,-,CRISPR type III-a/mtube-associated protein csm2,NonEssential,H37Rv,-0.575,-2.815,1.887,False,,P9WJG1
Rv2823c,-,"CRISPR-associated protein cas10/csm1, subtype III-a/mtube",NonEssential,H37Rv,0.857,-0.503,3.176,False,,P71629
Rv2824c,-,CRISPR-associated endoribonuclease cas6,NonEssential,H37Rv,0.87,-1.061,4.244,False,,P9WPJ1
Rv2825c,-,hypothetical protein,NonEssential,H37Rv,-0.863,-3.838,2.525,False,,P71627
Rv2826c,-,hypothetical protein,NonEssential,H37Rv,0.1,-3.272,4.039,False,,P71626
Rv2828c,-,hypothetical protein,NonEssential,H37Rv,-0.81,-2.726,1.712,False,,I6X5G8
Rv2837c,-,hypothetical protein,NonEssential,H37Rv,-4.313,-6.945,-0.59,False,,P71615
Rv2842c,-,ribosome maturation factor RimP,NonEssential,H37Rv,-8.369,-11.664,-3.859,False,,P9WH17
Rv2843,-,transmembrane alanine rich protein,NonEssential,H37Rv,-1.432,-3.395,1.155,False,,I6YAE2
Rv2844,-,alanine rich protein,NonEssential,H37Rv,-0.933,-2.19,0.626,False,,I6Y1V1
Rv2850c,-,magnesium chelatase,NonEssential,H37Rv,1,-1.21,4.252,False,,P9WPR3
Rv2851c,-,N-acetyltransferase,NonEssential,H37Rv,0.588,-1.247,3.151,False,,P9WFQ5
Rv2854,-,hypothetical protein,NonEssential,H37Rv,1.363,-0.448,4.584,False,,O05805
Rv2857c,-,oxidoreductase,NonEssential,H37Rv,0.876,-0.557,3.198,False,,I6Y1W3
Rv2859c,-,glutamine amidotransferase,NonEssential,H37Rv,-0.239,-1.805,1.37,False,,O33341
Rv2862c,-,hypothetical protein,NonEssential,H37Rv,0.775,-0.152,2.498,False,,I6Y1W7
Rv2864c,-,penicillin-binding lipoprotein,NonEssential,H37Rv,0.099,-3.998,5.39,False,,O33346
Rv2867c,-,N-acetyltransferase,NonEssential,H37Rv,0.006,-1.657,2.43,False,,I6XFI7
Rv2876,-,transmembrane protein,NonEssential,H37Rv,0.41,-1.039,2.708,False,,P9WL39
Rv2877c,-,integral membrane protein,NonEssential,H37Rv,0.411,-4.041,5.806,False,,I6YEL8
Rv2884,-,transcriptional regulator,NonEssential,H37Rv,0.847,-0.155,2.774,False,,I6X5M3
Rv2885c,-,transposase,NonEssential,H37Rv,1.146,-0.276,3.712,False,,P9WL37
Rv2886c,-,resolvase,NonEssential,H37Rv,1.077,-0.552,3.509,False,,P9WL35
Rv2887,-,transcriptional regulator,NonEssential,H37Rv,0.415,-1.475,3.007,False,,P9WME9
Rv2891,-,hypothetical protein,NonEssential,H37Rv,0.383,-0.776,2.198,False,,P9WL33
Rv2893,-,oxidoreductase,NonEssential,H37Rv,1.07,-0.197,3.274,False,,I6YEN3
Rv2896c,-,DNA protecting protein DprA,NonEssential,H37Rv,0.774,-0.672,3.342,False,,P9WL29
Rv2897c,-,Mg chelatase-like protein,NonEssential,H37Rv,0.651,-1.661,3.722,False,,P9WPR1
Rv2898c,-,endonuclease,NonEssential,H37Rv,Not Present.,Not Present.,Not Present.,Not Present.,Not Present.,P9WFM9
Rv2901c,-,hypothetical protein,NonEssential,H37Rv,0.93,-5.081,7.68,False,,P9WL27
Rv2910c,-,hypothetical protein,NonEssential,H37Rv,0.832,-2.499,5.446,False,,P9WL25
Rv2912c,-,transcriptional regulator TetR-family,NonEssential,H37Rv,1.04,-0.911,4.102,False,,P9WMC7
Rv2913c,-,deacetylase,NonEssential,H37Rv,0.877,-1.086,3.633,False,,P9WJH9
Rv2915c,-,hypothetical protein,NonEssential,H37Rv,0.565,-0.58,2.434,False,,P9WL23
Rv2917,-,alanine and arginine rich protein,NonEssential,H37Rv,1.446,-0.082,4.075,False,,P9WL21
Rv2923c,-,hypothetical protein,NonEssential,H37Rv,0.329,-0.373,1.453,False,,P9WL19
Rv2926c,-,hypothetical protein,NonEssential,H37Rv,-6.098,-9.389,-2.352,False,,P9WL17
Rv2943,-,transposase,NonEssential,H37Rv,1.059,-0.523,3.687,False,,I6X5T4
Rv2949c,-,chorismate-pyruvate lyase,NonEssential,H37Rv,1.653,-0.421,5.048,False,,P9WIC5
Rv2951c,-,ketoreductase,NonEssential,H37Rv,0.953,-0.838,3.687,False,,P9WIB7
Rv2952,-,methyltransferase,NonEssential,H37Rv,0.98,-0.389,3.245,False,,P9WIN3
Rv2953,-,trans-acting enoyl reductase,NonEssential,H37Rv,1.874,-0.466,5.483,False,,P9WGV5
Rv2955c,-,FkbM family methyltransferase,NonEssential,H37Rv,0.127,-2.245,3.762,False,,P95137
Rv2956,-,FkbM family methyltransferase,NonEssential,H37Rv,1.24,-0.522,4.087,False,,I6Y242
Rv2959c,-,methyltransferase,NonEssential,H37Rv,1.412,-1.85,5.456,False,,P9WIM5
Rv2960c,-,hypothetical protein,NonEssential,H37Rv,1.095,-0.28,3.314,False,,P95133
Rv2961,-,transposase,NonEssential,H37Rv,1.221,-0.104,3.347,False,,P95131
Rv2962c,-,PGL/p-HBAD biosynthesis rhamnosyltransferase,NonEssential,H37Rv,0.922,-1.231,3.802,False,,P9WN09
Rv2963,-,ABC transporter permease,NonEssential,H37Rv,1.235,-0.373,3.728,False,,I6YET7
Rv2966c,-,methyltransferase,NonEssential,H37Rv,0.07,-1.389,2.113,False,,I6XFS7
Rv2970A,-,"2,5-diketo-D-gluconate reductase A",NonEssential,H37Rv,-9.233,-16.502,-1.637,False,,I6XFT2
Rv2972c,-,exported or membrane protein,NonEssential,H37Rv,0.115,-1.442,1.96,False,,I6X5W6
Rv2974c,-,DAK2 domain fusion protein YloV,NonEssential,H37Rv,-0.106,-3.518,3.91,False,,I6Y259
Rv2975c,-,dak phosphatase,NonEssential,H37Rv,0.156,-1.563,2.579,False,,P95120
Rv2978c,-,transposase,NonEssential,H37Rv,-3.569,-10.359,4.16,False,,I6Y263
Rv2979c,-,resolvase,NonEssential,H37Rv,-4.329,-8.524,0.842,False,,I6XFU1
Rv2980,-,secreted protein,NonEssential,H37Rv,-1.37,-3.98,1.348,False,,P95115
Rv2983,-,2-phospho-L-lactate guanylyltransferase,NonEssential,H37Rv,-0.162,-1.025,1.03,False,,P9WP83
Rv2989,-,transcriptional regulator,NonEssential,H37Rv,-0.579,-4.413,2.975,False,,O53238
Rv2990c,-,hypothetical protein,NonEssential,H37Rv,1.09,-1.177,4.121,False,,I6YEW1
Rv2991,-,hypothetical protein,NonEssential,H37Rv,0.611,-0.459,2.471,False,,O53240
Rv2993c,-,"2-hydroxyhepta-2,4-diene-1,7-dioate isomerase",NonEssential,H37Rv,-8.645,-16.847,1.199,False,,I6Y276
Rv2994,-,integral membrane protein,NonEssential,H37Rv,1.678,-0.456,4.908,False,,P9WJW7
Rv2997,-,oxidoreductase,NonEssential,H37Rv,1.382,-0.484,4.274,False,,I6YAU3
Rv2998,-,hypothetical protein,NonEssential,H37Rv,1.512,-0.047,4.368,False,,O53245
Rv3000,-,ABC transporter permease,NonEssential,H37Rv,1.493,-0.236,4.473,False,,I6X5Z8
Rv3005c,-,hypothetical protein,NonEssential,H37Rv,0.088,-1.691,2.89,False,,I6YAV3
Rv3015c,-,5-methyltetrahydropteroyltriglutamate-homocysteine methyltransferase,NonEssential,H37Rv,0.844,-0.492,2.891,False,,I6YAW3
Rv3023c,-,transposase,NonEssential,H37Rv,Not Present.,Not Present.,Not Present.,Not Present.,Not Present.,P96354
Rv3026c,-,1-acylglycerol-3-phosphate O-acyltransferase,NonEssential,H37Rv,0.506,-2.866,4.669,False,,I6XFY8
Rv3027c,-,N-acetyltransferase,NonEssential,H37Rv,0.771,-1.366,4.009,False,,I6YEZ8
Rv3032A,-,hypothetical protein,NonEssential,H37Rv,0.968,-0.072,2.414,False,,I6X630
Rv3033,-,hypothetical protein,NonEssential,H37Rv,0.635,-0.271,2.059,False,,I6YAY5
Rv3037c,-,SAM-dependent 3-O-methyltransferase,NonEssential,H37Rv,0.455,-1.148,2.774,False,,P9WJZ3
Rv3040c,-,hypothetical protein,NonEssential,H37Rv,-3.804,-7.419,1.392,False,,O53287
Rv3041c,-,ABC transporter ATP-binding protein,NonEssential,H37Rv,-1.497,-3.206,0.971,False,,I6YF11
Rv3046c,-,hypothetical protein,NonEssential,H37Rv,-0.228,-6.001,5.64,False,,I6YF16
Rv3047c,-,hypothetical protein,NonEssential,H37Rv,0.823,-5.612,7.915,False,,I6X642
Rv3049c,-,oxidoreductase,NonEssential,H37Rv,1.249,-0.89,4.341,False,,I6Y2E2
Rv3050c,-,transcriptional regulator AsnC-family,NonEssential,H37Rv,0.348,-0.669,2.087,False,,I6XG13
Rv3060c,-,transcriptional regulator GntR-family,NonEssential,H37Rv,0.934,-0.952,3.849,False,,P95098
Rv3064c,-,SMR family small multidrug resistance protein,NonEssential,H37Rv,1.151,-0.755,4.013,False,,I6XG31
Rv3066,-,transcriptional regulator DeoR-family,NonEssential,H37Rv,-1.863,-11.912,8.591,False,,I6X658
Rv3067,-,hypothetical protein,NonEssential,H37Rv,1.031,-0.373,3.367,False,,I6YB21
Rv3069,-,protein CrcB,NonEssential,H37Rv,0.699,-0.62,2.735,False,,P9WP63
Rv3070,-,protein CrcB,NonEssential,H37Rv,1.186,-0.299,3.738,False,,P9WP61
Rv3071,-,hypothetical protein,NonEssential,H37Rv,1.164,-0.574,4.104,False,,P95087
Rv3072c,-,hypothetical protein,NonEssential,H37Rv,0.293,-0.539,1.411,False,,P95086
Rv3073c,-,hypothetical protein,NonEssential,H37Rv,0.755,-0.293,2.336,False,,P9WL11
Rv3074,-,hypothetical protein,NonEssential,H37Rv,0.276,-0.786,1.971,False,,I6XG38
Rv3075c,-,citrate lyase subunit beta,NonEssential,H37Rv,0.999,-0.626,3.534,False,,I6YF40
Rv3076,-,hypothetical protein,NonEssential,H37Rv,1.072,-0.18,3.26,False,,I6X666
Rv3077,-,hydrolase,NonEssential,H37Rv,1.037,-0.508,3.561,False,,Q6MX15
Rv3079c,-,hypothetical protein,NonEssential,H37Rv,1.12,-1.13,4.19,False,,I6XG43
Rv3081,-,hypothetical protein,NonEssential,H37Rv,1.117,-0.446,3.779,False,,O53298
Rv3083,-,oxidoreductase,NonEssential,H37Rv,1.665,0.055,4.39,False,,P9WNF7
Rv3085,-,oxidoreductase,NonEssential,H37Rv,1.505,-0.081,4.276,False,,P9WGP9
Rv3087,-,diacylglycerol acyltransferase,NonEssential,H37Rv,0.835,-0.619,3.286,False,,P9WKB1
Rv3090,-,alanine and valine rich protein,NonEssential,H37Rv,1.373,-0.243,4.271,False,,O05769
Rv3091,-,hypothetical protein,NonEssential,H37Rv,1.035,-1.488,4.211,False,,I6YB49
Rv3092c,-,integral membrane protein,NonEssential,H37Rv,0.31,-1.224,2.645,False,,I6Y2I9
Rv3093c,-,oxidoreductase,NonEssential,H37Rv,1.101,-1.794,4.719,False,,O05772
Rv3094c,-,hypothetical protein,NonEssential,H37Rv,1.488,-0.731,4.768,False,,O05773
Rv3095,-,transcriptional regulator,NonEssential,H37Rv,0.726,-1.303,3.85,False,,P9WMG3
Rv3099c,-,hypothetical protein,NonEssential,H37Rv,0.952,-1.773,4.709,False,,O05777
Rv3103c,-,proline rich protein,NonEssential,H37Rv,0.643,-0.792,2.85,False,,O05780
Rv3104c,-,mechanosensitive small conductance ion channel protein MscS,NonEssential,H37Rv,0.554,-2.047,4.042,False,,O05781
Rv3108,-,hypothetical protein,NonEssential,H37Rv,1.15,-0.889,4.452,False,,O05785
Rv3113,-,phosphatase,NonEssential,H37Rv,1.032,-0.452,3.701,False,,O05790
Rv3114,-,hypothetical protein,NonEssential,H37Rv,1.55,-0.025,4.147,False,,O05791
Rv3115,-,transposase,NonEssential,H37Rv,Not Present.,Not Present.,Not Present.,Not Present.,Not Present.,P96354
Rv3122,-,hypothetical protein,NonEssential,H37Rv,1.763,-0.102,4.973,False,,O07033
Rv3123,-,hypothetical protein,NonEssential,H37Rv,0.587,-0.577,2.318,False,,O07034
Rv3126c,-,hypothetical protein,NonEssential,H37Rv,0.419,-1.711,3.118,False,,P9WL09
Rv3127,-,hypothetical protein,NonEssential,H37Rv,1.504,-0.029,4.098,False,,P9WL07
Rv3129,-,hypothetical protein,NonEssential,H37Rv,0.547,-0.084,1.426,False,,P9WL05
Rv3131,-,hypothetical protein,NonEssential,H37Rv,-0.328,-2.877,3.485,False,,P9WIZ7
Rv3134c,-,universal stress protein,NonEssential,H37Rv,1.699,0.191,4.162,False,,P9WFD3
Rv3136A,-,hypothetical protein,NonEssential,H37Rv,1.199,-0.368,3.61,False,,I6Y2Q7
Rv3142c,-,hypothetical protein,NonEssential,H37Rv,0.23,-0.469,1.256,False,,P95184
Rv3143,-,two-component system response regulator,NonEssential,H37Rv,0.079,-0.85,1.268,False,,P9WGL7
Rv3160c,-,transcriptional regulator TetR-family,NonEssential,H37Rv,1.003,-1.071,3.834,False,,O53310
Rv3161c,-,oxidoreductase,NonEssential,H37Rv,0.714,-1.119,3.523,False,,O53311
Rv3162c,-,integral membrane protein,NonEssential,H37Rv,-0.779,-3.62,1.974,False,,O53312
Rv3163c,-,secreted protein,NonEssential,H37Rv,0.06,-2.423,4.029,False,,O53313
Rv3165c,-,hypothetical protein,NonEssential,H37Rv,1.432,-1.068,4.906,False,,O53315
Rv3166c,-,hypothetical protein,NonEssential,H37Rv,0.459,-2.346,4.203,False,,O53316
Rv3167c,-,transcriptional regulator TetR-family,NonEssential,H37Rv,0.974,-2.128,4.873,False,,O53317
Rv3168,-,aminoglycoside phosphotransferase,NonEssential,H37Rv,0.869,-1.501,4.553,False,,P9WI99
Rv3169,-,hypothetical protein,NonEssential,H37Rv,1.217,-0.664,3.799,False,,O53319
Rv3172c,-,hypothetical protein,NonEssential,H37Rv,1.191,-0.82,4.433,False,,O53322
Rv3173c,-,transcriptional regulator TetR/AcrR-family,NonEssential,H37Rv,0.277,-1.539,2.625,False,,O53323
Rv3174,-,oxidoreductase,NonEssential,H37Rv,1.269,-0.21,3.873,False,,O53324
Rv3175,-,amidase,NonEssential,H37Rv,0.865,-0.54,3.182,False,,O53325
Rv3177,-,peroxidase,NonEssential,H37Rv,1.112,-0.514,3.66,False,,O53327
Rv3178,-,deazaflavin-dependent nitroreductase,NonEssential,H37Rv,0.621,-0.325,2.203,False,,O53328
Rv3179,-,ATPase,NonEssential,H37Rv,1.664,-0.263,4.997,False,,O53329
Rv3180c,-,alanine rich protein,NonEssential,H37Rv,0.093,-2.738,4.69,False,,P9WF51
Rv3181c,-,prevent-host-death family protein,NonEssential,H37Rv,1.758,-0.25,5.076,False,,P9WF15
Rv3183,-,transcriptional regulator,NonEssential,H37Rv,-1.726,-11.747,8.912,False,,O53333
Rv3184,-,transposase,NonEssential,H37Rv,Not Present.,Not Present.,Not Present.,Not Present.,Not Present.,P9WKH5
Rv3185,-,transposase,NonEssential,H37Rv,Not Present.,Not Present.,Not Present.,Not Present.,Not Present.,P9WKH9
Rv3186,-,transposase,NonEssential,H37Rv,Not Present.,Not Present.,Not Present.,Not Present.,Not Present.,P9WKH5
Rv3187,-,transposase,NonEssential,H37Rv,Not Present.,Not Present.,Not Present.,Not Present.,Not Present.,P9WKH9
Rv3188,-,hypothetical protein,NonEssential,H37Rv,0.657,-0.413,2.359,False,,O53334
Rv3189,-,hypothetical protein,NonEssential,H37Rv,-0.908,-6.097,4.913,False,,O53335
Rv3190A,-,hypothetical protein,NonEssential,H37Rv,1.104,-0.382,3.287,False,,I6XGJ1
Rv3190c,-,hypothetical protein,NonEssential,H37Rv,1.133,-0.94,4.22,False,,O53336
Rv3191c,-,transposase,NonEssential,H37Rv,0.471,-0.36,1.73,False,,O53337
Rv3192,-,alanine and proline rich protein,NonEssential,H37Rv,1.132,-0.796,4.428,False,,O53338
Rv3193c,-,transmembrane protein,NonEssential,H37Rv,-0.172,-1.72,1.367,False,,P9WFL3
Rv3194c,-,PDZ domain-containing protease,NonEssential,H37Rv,0.816,-1.803,4.45,False,,O53340
Rv3195,-,hypothetical protein,NonEssential,H37Rv,1.208,-2.388,6.012,False,,O53341
Rv3196,-,bacteriocin biosynthesis cyclodehydratase domain-containing protein,NonEssential,H37Rv,1.249,-0.382,3.825,False,,O53342
Rv3196A,-,hypothetical protein,NonEssential,H37Rv,-2.756,-13.911,8.327,False,,L7N668
Rv3197,-,ABC transporter ATP-binding protein,NonEssential,H37Rv,1.317,-0.042,3.77,False,,O53343
Rv3198A,-,glutaredoxin-like protein,NonEssential,H37Rv,0.425,-0.613,2.04,False,,P9WN17
Rv3200c,-,NAD+ diphosphatase,NonEssential,H37Rv,0.292,-2.128,3.68,False,,O53346
Rv3201c,-,DNA helicase II/ATP-dependent DNA helicase PcrA,NonEssential,H37Rv,0.629,-1.187,3.395,False,,O53347
Rv3202c,-,ATP-dependent DNA helicase,NonEssential,H37Rv,0.499,-1.751,3.715,False,,O53348
Rv3204,-,DNA-damage-inducible protein P DinP,NonEssential,H37Rv,1.257,-0.17,3.986,False,,O05862
Rv3205c,-,hypothetical protein,NonEssential,H37Rv,0.3,-2.868,4.588,False,,O05861
Rv3207c,-,hypothetical protein,NonEssential,H37Rv,-0.805,-4.555,3.709,False,,O05859
Rv3208,-,transcriptional regulator TetR-family,NonEssential,H37Rv,-1.552,-4.319,2.786,False,,O05858
Rv3209,-,threonine and proline rich protein,NonEssential,H37Rv,0.101,-1.503,2.167,False,,O05857
Rv3210c,-,hypothetical protein,NonEssential,H37Rv,-0.142,-3.581,3.95,False,,O05856
Rv3213c,-,chromosome partitioning protein,NonEssential,H37Rv,0.331,-3.025,4.69,False,,O05853
Rv3217c,-,integral membrane protein,NonEssential,H37Rv,0.421,-1.018,2.48,False,,O05849
Rv3218,-,hypothetical protein,NonEssential,H37Rv,1.18,-1.443,4.587,False,,O05848
Rv3220c,-,two-component system sensor histidine kinase,NonEssential,H37Rv,0.822,-2.313,4.148,False,,P9WGL5
Rv3224,-,citronellol/citronellal dehydrogenase,NonEssential,H37Rv,0.436,-0.745,2.133,False,,O05842
Rv3224A,-,hypothetical protein,NonEssential,H37Rv,0.155,-8.837,9.401,False,,Q6MWZ5
Rv3224B,-,hypothetical protein,NonEssential,H37Rv,Not Present.,Not Present.,Not Present.,Not Present.,Not Present.,Q6MWZ4
Rv3225c,-,N-acetyltransferase phosphorylase,NonEssential,H37Rv,1.2,-0.853,3.922,False,,O05841
Rv3226c,-,hypothetical protein,NonEssential,H37Rv,0.787,-1.349,3.845,False,,O05872
Rv3228,-,ribosome small subunit-dependent GTPase A,NonEssential,H37Rv,-0.299,-2.09,2.638,False,,O05873
Rv3230c,-,oxidoreductase,NonEssential,H37Rv,0.848,-1.169,4.079,False,,P9WNE9
Rv3235,-,alanine and arginine and proline rich protein,NonEssential,H37Rv,0.363,-0.739,2.088,False,,O05880
Rv3236c,-,CPA2 family monovalent cation:H+ antiporter-2,NonEssential,H37Rv,0.134,-2.85,4.465,False,,L7N665
Rv3237c,-,TrkA domain-containing protein,NonEssential,H37Rv,0.177,-1.504,2.37,False,,O05882
Rv3238c,-,integral membrane protein,NonEssential,H37Rv,0.989,-1.02,4.153,False,,O05883
Rv3249c,-,transcriptional regulator TetR-family,NonEssential,H37Rv,0.055,-1.408,2.128,False,,O05892
Rv3253c,-,cationic amino acid transport integral membrane protein,NonEssential,H37Rv,0.537,-2.159,4.222,False,,O05896
Rv3254,-,hypothetical protein,NonEssential,H37Rv,1.15,-0.286,3.842,False,,O05897
Rv3256c,-,hypothetical protein,NonEssential,H37Rv,-3.524,-8.829,2.452,False,,O05899
Rv3258c,-,hypothetical protein,NonEssential,H37Rv,-5.181,-9.56,-0.436,False,,O53351
Rv3259,-,hypothetical protein,NonEssential,H37Rv,1.056,-0.285,3.053,False,,O53352
Rv3263,-,DNA methylase,NonEssential,H37Rv,1.461,-0.027,3.898,False,,P96868
Rv3267,-,hypothetical protein,NonEssential,H37Rv,0.614,-0.796,2.989,False,,P96872
Rv3268,-,hypothetical protein,NonEssential,H37Rv,1.019,-0.489,3.598,False,,P96873
Rv3269,-,hypothetical protein,NonEssential,H37Rv,1.034,-6.026,8.722,False,,P96874
Rv3271c,-,integral membrane protein,NonEssential,H37Rv,-0.146,-1.426,1.756,False,,P96876
Rv3272,-,hypothetical protein,NonEssential,H37Rv,1.717,-0.084,4.519,False,,P96877
Rv3273,-,transmembrane carbonic anhydrase,NonEssential,H37Rv,1.662,0.025,4.278,False,,P96878
Rv3282,-,maf-like protein,NonEssential,H37Rv,0.397,-0.371,1.466,False,,P9WK27
Rv3284,-,cysteine desulfuration protein SufE,NonEssential,H37Rv,0.516,-0.9,2.776,False,,P9WGC3
Rv3292,-,hypothetical protein,NonEssential,H37Rv,1.165,-0.228,3.421,False,,P9WL01
Rv3294c,-,ATPase,NonEssential,H37Rv,0.492,-2.25,3.827,False,,L7N658
Rv3300c,-,hypothetical protein,NonEssential,H37Rv,-0.129,-3.019,2.911,False,,O07166
Rv3304,-,hypothetical protein,NonEssential,H37Rv,0.468,-0.612,2.295,False,,O53356
Rv3311,-,hypothetical protein,NonEssential,H37Rv,0.144,-1.631,3.107,False,,O53362
Rv3312A,-,secreted protein antigen,NonEssential,H37Rv,0.705,-0.364,2.453,False,,P9WI87
Rv3312c,-,hypothetical protein,NonEssential,H37Rv,0.618,-2.099,4.318,False,,O53363
Rv3322c,-,methyltransferase,NonEssential,H37Rv,0.526,-2.37,3.801,False,,L7N687
Rv3325,-,transposase,NonEssential,H37Rv,Not Present.,Not Present.,Not Present.,Not Present.,Not Present.,P9WKH5
Rv3326,-,transposase,NonEssential,H37Rv,Not Present.,Not Present.,Not Present.,Not Present.,Not Present.,P9WKH5
Rv3327,-,transposase,NonEssential,H37Rv,0.695,-0.646,2.837,False,,O53377
Rv3329,-,aminotransferase,NonEssential,H37Rv,1.538,-1.057,5.225,False,,O53379
Rv3333c,-,proline rich protein,NonEssential,H37Rv,0.448,-1.207,3.151,False,,O53383
Rv3334,-,transcriptional regulator MerR-family,NonEssential,H37Rv,0.619,-0.843,2.712,False,,O53384
Rv3335c,-,integral membrane protein,NonEssential,H37Rv,0.617,-1.156,2.964,False,,O53385
Rv3337,-,hypothetical protein,NonEssential,H37Rv,-2.041,-8.303,5.12,False,,O53387
Rv3338,-,hypothetical protein,NonEssential,H37Rv,0.277,-0.633,1.659,False,,O53388
Rv3342,-,methyltransferase,NonEssential,H37Rv,0.416,-0.723,2.124,False,,P9WK01
Rv3348,-,transposase,NonEssential,H37Rv,0.743,-0.487,2.552,False,,P96234
Rv3349c,-,transposase,NonEssential,H37Rv,1.132,-0.834,4.076,False,,V5QQS8
Rv3359,-,oxidoreductase,NonEssential,H37Rv,1.138,-1.015,4.736,False,,O50388
Rv3360,-,hypothetical protein,NonEssential,H37Rv,0.486,-0.597,1.948,False,,O50389
Rv3361c,-,hypothetical protein,NonEssential,H37Rv,-0.253,-0.742,0.265,False,,I6YBX3
Rv3362c,-,ATP/GTP-binding protein,NonEssential,H37Rv,1.096,-0.653,3.75,False,,O50391
Rv3363c,-,hypothetical protein,NonEssential,H37Rv,-0.357,-1.779,1.358,False,,O50392
Rv3364c,-,hypothetical protein,NonEssential,H37Rv,1.203,-0.509,3.936,False,,O50393
Rv3365c,-,hypothetical protein,NonEssential,H37Rv,0.748,-1.634,4.124,False,,Q93IG6
Rv3368c,-,oxidoreductase,NonEssential,H37Rv,0.77,-3.753,5.99,False,,O50397
Rv3369,-,hypothetical protein,NonEssential,H37Rv,1.553,-0.036,4.345,False,,O50398
Rv3371,-,diacylglycerol acyltransferase,NonEssential,H37Rv,1.409,-0.436,4.278,False,,P9WKA9
Rv3376,-,"HAD hydrolase, family IA",NonEssential,H37Rv,0.565,-0.694,2.633,False,,P9WMS5
Rv3377c,-,halimadienyl diphosphate synthase,NonEssential,H37Rv,1.276,-0.654,4.09,False,,O50406
Rv3378c,-,diterpene synthase,NonEssential,H37Rv,1.12,-2.664,5.712,False,,P9WJ61
Rv3380c,-,transposase,NonEssential,H37Rv,Not Present.,Not Present.,Not Present.,Not Present.,Not Present.,P9WKH9
Rv3381c,-,transposase,NonEssential,H37Rv,Not Present.,Not Present.,Not Present.,Not Present.,Not Present.,P9WKH5
Rv3386,-,transposase,NonEssential,H37Rv,1.567,-0.196,4.684,False,,O50413
Rv3387,-,transposase,NonEssential,H37Rv,0.643,-0.779,2.775,False,,O50414
Rv3394c,-,hypothetical protein,NonEssential,H37Rv,-0.966,-6.39,4.925,False,,O50419
Rv3395A,-,membrane protein,NonEssential,H37Rv,-0.167,-0.276,-0.066,False,,Q6MWX4
Rv3395c,-,hypothetical protein,NonEssential,H37Rv,0.312,-0.82,1.949,False,,P9WKZ9
Rv3399,-,s-adenosylmethionine-dependent methyltransferase,NonEssential,H37Rv,0.558,-0.378,1.994,False,,P9WFH1
Rv3400,-,beta-phosphoglucomutase family hydrolase,NonEssential,H37Rv,1.052,-0.397,3.575,False,,P9WKZ7
Rv3401,-,trehalose-6P phosphatase,NonEssential,H37Rv,1.522,-0.221,4.454,False,,P9WN13
Rv3405c,-,transcriptional regulator,NonEssential,H37Rv,0.43,-1.011,2.617,False,,P9WMC3
Rv3406,-,taurine dioxygenase,NonEssential,H37Rv,0.707,-0.348,2.603,False,,P9WKZ1
Rv3412,-,hypothetical protein,NonEssential,H37Rv,-0.063,-1.439,2.356,False,,P9WKY9
Rv3413c,-,alanine and proline rich protein,NonEssential,H37Rv,0.199,-1.626,2.611,False,,P9WJ71
Rv3415c,-,hypothetical protein,NonEssential,H37Rv,0.407,-0.526,2.046,False,,I6YG27
Rv3421c,-,universal bacterial protein YeaZ,NonEssential,H37Rv,-3.042,-4.231,-1.601,False,,P9WKY7
Rv3424c,-,hypothetical protein,NonEssential,H37Rv,0.55,-0.267,1.786,False,,P9WKY3
Rv3427c,-,transposase,NonEssential,H37Rv,0.914,-1.094,3.867,False,,Q50701
Rv3428c,-,transposase,NonEssential,H37Rv,-0.671,-3.286,2.795,False,,Q50700
Rv3430c,-,transposase,NonEssential,H37Rv,0.87,-1.105,3.633,False,,I6YC39
Rv3431c,-,transposase,NonEssential,H37Rv,1.151,-0.973,4.587,False,,I6XH73
Rv3435c,-,transmembrane protein,NonEssential,H37Rv,1.271,-0.427,4.088,False,,O06252
Rv3446c,-,type VII secretion-associated protein,NonEssential,H37Rv,0.297,-4.572,5.849,False,,O06263
Rv3453,-,transmembrane protein,NonEssential,H37Rv,Not Present.,Not Present.,Not Present.,Not Present.,Not Present.,O06320
Rv3454,-,integral membrane protein,NonEssential,H37Rv,1.515,-0.122,4.079,False,,O06321
Rv3463,-,hypothetical protein,NonEssential,H37Rv,1.276,-0.933,4.58,False,,I6X7D4
Rv3466,-,hypothetical protein,NonEssential,H37Rv,Not Present.,Not Present.,Not Present.,Not Present.,Not Present.,P9WKY1
Rv3467,-,hypothetical protein,NonEssential,H37Rv,0.398,-7.809,9.456,False,,	Q50655
Rv3468c,-,"dTDP-glucose 4,6-dehydratase",NonEssential,H37Rv,0.424,-3.027,4.788,False,,Q6MWX3
Rv3471c,-,hypothetical protein,NonEssential,H37Rv,0.112,-4.15,5.279,False,,O06336
Rv3472,-,hypothetical protein,NonEssential,H37Rv,0.531,-0.696,2.335,False,,I6YG83
Rv3474,-,transposase,NonEssential,H37Rv,Not Present.,Not Present.,Not Present.,Not Present.,Not Present.,P9WKH5
Rv3475,-,transposase,NonEssential,H37Rv,Not Present.,Not Present.,Not Present.,Not Present.,Not Present.,P9WKH9
Rv3479,-,transmembrane protein,NonEssential,H37Rv,1.165,-0.503,3.811,False,,O06342
Rv3480c,-,diacylglycerol acyltransferase,NonEssential,H37Rv,0.476,-1.416,3.356,False,,P9WKA7
Rv3481c,-,membrane protein,NonEssential,H37Rv,0.322,-3.338,5.116,False,,I6XHC3
Rv3482c,-,membrane protein,NonEssential,H37Rv,0.525,-2.858,4.739,False,,I6YG92
Rv3483c,-,exported protein,NonEssential,H37Rv,0.839,-0.171,2.424,False,,I6X7F2
Rv3488,-,hypothetical protein,NonEssential,H37Rv,0.535,-0.796,2.414,False,,I6X7F9
Rv3491,-,hypothetical protein,NonEssential,H37Rv,0.695,-0.746,2.892,False,,I6XHD1
Rv3492c,-,MCE-associated protein,NonEssential,H37Rv,-0.568,-4.624,4.286,False,,I6YGA5
Rv3493c,-,MCE-associated alanine and valine rich protein,NonEssential,H37Rv,1.101,-1.314,4.146,False,,I6X7G4
Rv3502c,-,3-oxoacyl-[acyl-carrier protein] reductase,NonEssential,H37Rv,1.611,-0.803,4.562,False,,O53547
Rv3510c,-,hypothetical protein,NonEssential,H37Rv,0.422,-3.177,4.456,False,,I6Y3Q7
Rv3517,-,hypothetical protein,NonEssential,H37Rv,1.177,-0.093,3.367,False,,O53562
Rv3519,-,hypothetical protein,NonEssential,H37Rv,1.42,0.04,3.913,False,,O53564
Rv3520c,-,coenzyme F420-dependent oxidoreductase,NonEssential,H37Rv,0.211,-4.005,5.288,False,,O53565
Rv3521,-,hypothetical protein,NonEssential,H37Rv,1.378,-0.226,4.148,False,,O53566
Rv3527,-,hypothetical protein,NonEssential,H37Rv,1.036,-0.487,3.434,False,,I6XHG6
Rv3528c,-,hypothetical protein,NonEssential,H37Rv,1.058,-0.42,3.442,False,,I6YGE4
Rv3529c,-,hypothetical protein,NonEssential,H37Rv,0.639,-1.47,3.685,False,,I6YCC4
Rv3530c,-,oxidoreductase,NonEssential,H37Rv,0.88,-0.518,3.247,False,,I6Y3S9
Rv3531c,-,hypothetical protein,NonEssential,H37Rv,-0.945,-6.218,5.219,False,,I6XHH2
Rv3538,-,oxidoreductase,NonEssential,H37Rv,1.757,-0.252,5.456,False,,Q6MWW2
Rv3541c,-,hypothetical protein,NonEssential,H37Rv,0.129,-0.922,1.492,False,,I6XHI0
Rv3542c,-,hypothetical protein,NonEssential,H37Rv,1.199,-0.483,3.852,False,,I6YGF8
Rv3548c,-,oxidoreductase,NonEssential,H37Rv,0.713,-1.087,3.207,False,,P71853
Rv3549c,-,oxidoreductase,NonEssential,H37Rv,1.079,-1.093,3.939,False,,I6YCE1
Rv3551,-,coA-transferase,NonEssential,H37Rv,1.126,-0.672,4.013,False,,P9WPW1
Rv3552,-,coA-transferase,NonEssential,H37Rv,0.582,-0.808,2.732,False,,P9WPV9
Rv3553,-,oxidoreductase,NonEssential,H37Rv,1.565,-0.801,4.931,False,,P71847
Rv3555c,-,hypothetical protein,NonEssential,H37Rv,0.402,-1.694,3.253,False,,P96837
Rv3557c,-,transcriptional regulator,NonEssential,H37Rv,0.852,-0.925,3.771,False,,P9WMB9
Rv3559c,-,3-oxoacyl-[acyl-carrier protein] reductase,NonEssential,H37Rv,0.807,-2.958,5.761,False,,I6YCF0
Rv3572,-,hypothetical protein,NonEssential,H37Rv,0.75,-0.953,3.331,False,,I6X7P2
Rv3575c,-,transcriptional regulator,NonEssential,H37Rv,0.233,-1.18,2.128,False,,P96857
Rv3577,-,hypothetical protein,NonEssential,H37Rv,1.26,-0.338,3.909,False,,P96859
Rv3586,-,DNA integrity scanning protein disA,NonEssential,H37Rv,0.086,-6.245,6.657,False,,P9WNW5
Rv3591c,-,hydrolase,NonEssential,H37Rv,1.044,-1.708,5.32,False,,I6YGL1
Rv3594,-,hypothetical protein,NonEssential,H37Rv,0.833,-0.125,2.51,False,,I6Y3Z2
Rv3600c,-,type III pantothenate kinase,NonEssential,H37Rv,0.03,-1.758,2.823,False,,P9WPA1
Rv3605c,-,secreted protein,NonEssential,H37Rv,0.45,-2.15,4.115,False,,O06277
Rv3611,-,arginine and alanine rich protein,NonEssential,H37Rv,0.914,-0.115,2.535,False,,O06272
Rv3612c,-,hypothetical protein,NonEssential,H37Rv,-0.334,-2.021,1.481,False,,I6YGR2
Rv3618,-,monooxygenase,NonEssential,H37Rv,1.106,-0.644,4.127,False,,I6X7W8
Rv3626c,-,hypothetical protein,NonEssential,H37Rv,-6.043,-13.207,3.026,False,,O06381
Rv3629c,-,integral membrane protein,NonEssential,H37Rv,0.566,-1.893,4.064,False,,O06378
Rv3630,-,integral membrane protein,NonEssential,H37Rv,0.646,-0.837,2.895,False,,P9WKX9
Rv3631,-,transferase,NonEssential,H37Rv,-0.287,-1.7,1.223,False,,O06376
Rv3632,-,membrane protein,NonEssential,H37Rv,-0.42,-1.318,0.593,False,,I6YGT7
Rv3633,-,hypothetical protein,NonEssential,H37Rv,0.55,-1.045,2.806,False,,P9WI89
Rv3636,-,transposase,NonEssential,H37Rv,Not Present.,Not Present.,Not Present.,Not Present.,Not Present.,O06371
Rv3637,-,transposase,NonEssential,H37Rv,0.661,-0.719,2.615,False,,O06370
Rv3638,-,transposase,NonEssential,H37Rv,1.077,-0.656,3.765,False,,I6XHU7
Rv3639c,-,hypothetical protein,NonEssential,H37Rv,0.529,-2.454,4.598,False,,I6YGU1
Rv3640c,-,transposase,NonEssential,H37Rv,0.835,-2.609,5.165,False,,O06367
Rv3642c,-,hypothetical protein,NonEssential,H37Rv,-4.478,-20.266,12.951,False,,I6Y464
Rv3643,-,hypothetical protein,NonEssential,H37Rv,Not Present.,Not Present.,Not Present.,Not Present.,Not Present.,O06364
Rv3647c,-,hypothetical protein,NonEssential,H37Rv,0.792,-2.376,5.254,False,,I6Y469
Rv3649,-,helicase,NonEssential,H37Rv,0.594,-1.098,3.631,False,,O06359
Rv3651,-,hypothetical protein,NonEssential,H37Rv,1.449,0.165,3.216,False,,I6YCP0
Rv3655c,-,hypothetical protein,NonEssential,H37Rv,-1.99,-5.559,1.952,False,,O69623
Rv3656c,-,hypothetical protein,NonEssential,H37Rv,0.744,-1.004,3.526,False,,O69624
Rv3657c,-,alanine rich membrane protein,NonEssential,H37Rv,-0.586,-4.168,3.29,False,,O69625
Rv3658c,-,transmembrane protein,NonEssential,H37Rv,0.306,-4.813,6.496,False,,I6Y479
Rv3659c,-,helicase/secretion neighborhood ATPase,NonEssential,H37Rv,0.618,-1.219,3.556,False,,P9WMT3
Rv3660c,-,helicase/secretion neighborhood CpaE-like protein Ssd,NonEssential,H37Rv,0.526,-0.801,2.361,False,,P9WKX7
Rv3661,-,"HAD hydrolase, family IB",NonEssential,H37Rv,0.766,-1.597,4.435,False,,P9WGJ1
Rv3662c,-,hypothetical protein,NonEssential,H37Rv,0.377,-1.141,2.651,False,,I6YCP7
Rv3668c,-,protease,NonEssential,H37Rv,0.263,-0.935,1.697,False,,I6YGW2
Rv3669,-,transmembrane protein,NonEssential,H37Rv,-8.135,-11.967,-3.129,False,,O69637
Rv3671c,-,serine protease,NonEssential,H37Rv,-1.255,-3.22,1.518,False,,P9WHR9
Rv3672c,-,hypothetical protein,NonEssential,H37Rv,-1.3,-4.942,3.091,False,,I6XHX8
Rv3673c,-,membrane-anchored thioredoxin-like protein,NonEssential,H37Rv,-2.137,-4.668,0.984,False,,I6YGW6
Rv3677c,-,hydrolase,NonEssential,H37Rv,0.306,-1.053,2.264,False,,I6XHY3
Rv3678A,-,hypothetical protein,NonEssential,H37Rv,-0.419,-1.533,0.893,False,,I6X824
Rv3678c,-,hypothetical protein,NonEssential,H37Rv,0.053,-1.992,2.628,False,,I6YGW9
Rv3679,-,anion transporter ATPase,NonEssential,H37Rv,-1.26,-4.146,2.894,False,,P9WKX5
Rv3680,-,anion transporter ATPase,NonEssential,H37Rv,0.758,-1.312,3.37,False,,I6Y498
Rv3683,-,hypothetical protein,NonEssential,H37Rv,0.081,-1.831,2.337,False,,I6X827
Rv3684,-,cysteine synthase A,NonEssential,H37Rv,1.455,-0.598,4.819,False,,O69652
Rv3686c,-,hypothetical protein,NonEssential,H37Rv,0.574,-0.927,2.427,False,,O69654
Rv3688c,-,hypothetical protein,NonEssential,H37Rv,0.45,-1.627,2.853,False,,I6X831
Rv3689,-,transmembrane protein,NonEssential,H37Rv,1.237,-0.493,3.811,False,,I6YCR8
Rv3690,-,membrane protein,NonEssential,H37Rv,0.231,-1.128,1.833,False,,O69658
Rv3691,-,hypothetical protein,NonEssential,H37Rv,0.693,-1.007,3.019,False,,O69659
Rv3693,-,membrane protein,NonEssential,H37Rv,0.792,-0.694,3.243,False,,O69661
Rv3694c,-,transmembrane protein,NonEssential,H37Rv,1.369,-1.282,4.623,False,,O69662
Rv3695,-,membrane protein,NonEssential,H37Rv,1.403,-0.344,4.214,False,,O69663
Rv3698,-,hypothetical protein,NonEssential,H37Rv,0.84,-1.042,3.817,False,,I6YCS6
Rv3699,-,methyltransferase,NonEssential,H37Rv,1.143,-0.463,3.974,False,,O69667
Rv3700c,-,hypothetical protein,NonEssential,H37Rv,0.402,-0.542,1.87,False,,O69668
Rv3701c,-,hypothetical protein,NonEssential,H37Rv,0.143,-3.891,5.002,False,,P9WN47
Rv3702c,-,hypothetical protein,NonEssential,H37Rv,0.347,-4.111,6.132,False,,O69670
Rv3703c,-,hypothetical protein,NonEssential,H37Rv,-0.227,-3.958,4.22,False,,O69671
Rv3705A,-,proline rich protein,NonEssential,H37Rv,1.068,-1.574,4.911,False,,I6YGY9
Rv3705c,-,hypothetical protein,NonEssential,H37Rv,0.926,-0.697,3.117,False,,I6XI06
Rv3706c,-,proline rich protein,NonEssential,H37Rv,0.853,-0.603,3.074,False,,I6X849
Rv3707c,-,hypothetical protein,NonEssential,H37Rv,0.057,-2.4,3.012,False,,I6Y4C4
Rv3714c,-,hypothetical protein,NonEssential,H37Rv,-0.296,-3.422,3.974,False,,O69681
Rv3716c,-,hypothetical protein,NonEssential,H37Rv,-2.839,-5.807,0.536,False,,P9WNR9
Rv3717,-,N-acetylmuramoyl-L-alanine amidase,NonEssential,H37Rv,0.891,-2.716,5.424,False,,I6Y4D2
Rv3718c,-,hypothetical protein,NonEssential,H37Rv,0.743,-0.995,3.163,False,,I6XI16
Rv3719,-,hypothetical protein,NonEssential,H37Rv,-0.134,-3.632,4.296,False,,O69686
Rv3720,-,cyclopropane-fatty-acyl-phospholipid synthase,NonEssential,H37Rv,0.535,-1.82,4.286,False,,O69687
Rv3723,-,transmembrane protein,NonEssential,H37Rv,-0.015,-1.488,1.994,False,,O69690
Rv3728,-,drug:H+ antiporter-2 (14 Spanner) (DHA2) family drug resistance MFS transporter,NonEssential,H37Rv,0.822,-0.481,3.272,False,,O69695
Rv3729,-,transferase,NonEssential,H37Rv,1.115,-0.367,3.642,False,,O69696
Rv3730c,-,DNA ligase LigD,NonEssential,H37Rv,0.27,-3.147,5.134,False,,O69697
Rv3732,-,hypothetical protein,NonEssential,H37Rv,0.572,-0.496,2.255,False,,O69699
Rv3733c,-,hypothetical protein,NonEssential,H37Rv,1.379,-0.908,4.966,False,,O69700
Rv3735,-,hypothetical protein,NonEssential,H37Rv,0.523,-0.496,2.22,False,,O69702
Rv3736,-,transcriptional regulator,NonEssential,H37Rv,0.636,-0.751,2.908,False,,O69703
Rv3737,-,transmembrane protein,NonEssential,H37Rv,1.047,-0.565,3.821,False,,O69704
Rv3747,-,hypothetical protein,NonEssential,H37Rv,0.69,-0.448,2.66,False,,O69714
Rv3748,-,hypothetical protein,NonEssential,H37Rv,0.122,-1.829,2.617,False,,O69715
Rv3749c,-,antitoxin,NonEssential,H37Rv,0.978,-0.226,2.935,False,,L0TGF0
Rv3750c,-,excisionase,NonEssential,H37Rv,0.513,-0.889,2.861,False,,O69717
Rv3753c,-,hypothetical protein,NonEssential,H37Rv,-4.879,-8.102,-1.201,False,,O69720
Rv3755c,-,hypothetical protein,NonEssential,H37Rv,-0.124,-6.033,7.354,False,,O86358
Rv3760,-,membrane protein,NonEssential,H37Rv,1.349,-0.13,3.808,False,,O69726
Rv3762c,-,hydrolase,NonEssential,H37Rv,0.782,-2.637,5.915,False,,O69728
Rv3766,-,hypothetical protein,NonEssential,H37Rv,0.859,-0.524,3.113,False,,O69731
Rv3767c,-,s-adenosylmethionine-dependent methyltransferase,NonEssential,H37Rv,0.254,-3.862,5.755,False,,P9WFH5
Rv3768,-,hypothetical protein,NonEssential,H37Rv,1.073,-0.274,3.347,False,,P72035
Rv3770A,-,transposase,NonEssential,H37Rv,0.473,-0.32,1.578,False,,L7N6A0
Rv3770B,-,transposase,NonEssential,H37Rv,-0.473,-8.204,6.938,False,,L7N679
Rv3770c,-,leucine rich protein,NonEssential,H37Rv,0.575,-0.988,3,False,,P72037
Rv3771c,-,hypothetical protein,NonEssential,H37Rv,0.631,-8.454,9.978,False,,P72038
Rv3773c,-,hypothetical protein,NonEssential,H37Rv,0.689,-2.367,5.285,False,,P72040
Rv3776,-,hypothetical protein,NonEssential,H37Rv,1.014,-0.551,3.565,False,,P72042
Rv3777,-,oxidoreductase,NonEssential,H37Rv,1.139,-0.646,4.07,False,,P72043
Rv3779,-,decaprenol GalNH2-dependent GalNH2 transferase,NonEssential,H37Rv,1.503,-0.431,4.468,False,,P72045
Rv3789,-,GTRA family protein,NonEssential,H37Rv,-1.88,-8.21,4.793,False,,P9WMS9
Rv3796,-,hypothetical protein,NonEssential,H37Rv,1.243,-0.248,3.757,False,,P72062
Rv3798,-,transposase,NonEssential,H37Rv,Not Present.,Not Present.,Not Present.,Not Present.,Not Present.,P9WKH7
Rv3807c,-,transmembrane protein,NonEssential,H37Rv,-12.826,-17.096,-7.415,False,,P9WI53
Rv3811,-,hypothetical protein,NonEssential,H37Rv,0.811,-0.668,3.137,False,,Q79F96
Rv3813c,-,cof-like hydrolase,NonEssential,H37Rv,0.187,-2.342,3.123,False,,O07810
Rv3814c,-,1-acylglycerol-3-phosphate O-acyltransferase,NonEssential,H37Rv,-0.138,-4.112,5.215,False,,O07809
Rv3815c,-,1-acylglycerol-3-phosphate O-acyltransferase,NonEssential,H37Rv,0.303,-2.723,4.223,False,,O07808
Rv3816c,-,1-acylglycerol-3-phosphate O-acyltransferase,NonEssential,H37Rv,-1.648,-6.29,4.127,False,,O07807
Rv3817,-,aminoglycoside 3'-phosphotransferase,NonEssential,H37Rv,1.388,-0.607,4.622,False,,O07806
Rv3818,-,N-acetylmuramic acid hydroxylase,NonEssential,H37Rv,0.839,-1.267,4.093,False,,P9WH21
Rv3819,-,hypothetical protein,NonEssential,H37Rv,0.645,-0.696,2.613,False,,O07804
Rv3821,-,integral membrane protein,NonEssential,H37Rv,0.618,-3.946,6.048,False,,O07802
Rv3822,-,membrane-associated acyltransferase,NonEssential,H37Rv,1.267,-0.616,4.236,False,,O07801
Rv3827c,-,transposase,NonEssential,H37Rv,0.531,-3.797,6.157,False,,O07796
Rv3828c,-,resolvase,NonEssential,H37Rv,0.855,-2.076,4.635,False,,O07795
Rv3829c,-,dehydrogenase,NonEssential,H37Rv,1.179,-0.457,3.897,False,,O07794
Rv3830c,-,transcriptional regulator,NonEssential,H37Rv,0.597,-2.186,4.003,False,,P96248
Rv3831,-,hypothetical protein,NonEssential,H37Rv,1.531,-0.299,4.576,False,,P96247
Rv3832c,-,hypothetical protein,NonEssential,H37Rv,0.127,-1.471,2.287,False,,P96246
Rv3833,-,transcriptional regulator,NonEssential,H37Rv,-0.167,-0.268,-0.068,False,,P96245
Rv3835,-,"cell division protein, Z-ring complex Ib",NonEssential,H37Rv,0.126,-1.667,3.057,False,,P9WKW5
Rv3836,-,hypothetical protein,NonEssential,H37Rv,0.632,-0.843,2.59,False,,P96242
Rv3837c,-,phosphoglycerate mutase,NonEssential,H37Rv,0.376,-0.438,1.604,False,,P96241
Rv3844,-,transposase,NonEssential,H37Rv,Not Present.,Not Present.,Not Present.,Not Present.,Not Present.,P96234
Rv3845,-,hypothetical protein,NonEssential,H37Rv,-0.175,-1.038,1.062,False,,P96233
Rv3847,-,hypothetical protein,NonEssential,H37Rv,1.274,-0.492,4.123,False,,P96230
Rv3848,-,transmembrane protein,NonEssential,H37Rv,1.422,-0.58,4.584,False,,P96229
Rv3850,-,hypothetical protein,NonEssential,H37Rv,-1.882,-4.134,1.36,False,,P96227
Rv3851,-,membrane protein,NonEssential,H37Rv,-0.422,-2.85,2.095,False,,P96226
Rv3856c,-,hydrolase,NonEssential,H37Rv,0.683,-0.926,3.263,False,,P96221
Rv3857c,-,membrane protein,NonEssential,H37Rv,-0.189,-0.339,-0.041,False,,P96220
Rv3860,-,hypothetical protein,NonEssential,H37Rv,0.996,-0.502,3.715,False,,P96217
Rv3888c,-,membrane protein,NonEssential,H37Rv,1.389,-0.405,4.21,False,,O05456
Rv3896c,-,hypothetical protein,NonEssential,H37Rv,0.767,-1.042,3.603,False,,O05448
Rv3897c,-,hypothetical protein,NonEssential,H37Rv,0.426,-0.653,1.991,False,,O07036
Rv3898c,-,hypothetical protein,NonEssential,H37Rv,-1.433,-8.875,6.542,False,,O05447
Rv3899c,-,hypothetical protein,NonEssential,H37Rv,1.02,-1.383,4.183,False,,O05446
Rv3900c,-,alanine rich protein,NonEssential,H37Rv,0.089,-5.614,6.633,False,,O05445
Rv3903c,-,alanine and proline rich protein,NonEssential,H37Rv,0.808,-1.37,3.88,False,,O05442
Rv3906c,-,hypothetical protein,NonEssential,H37Rv,0.134,-0.615,0.982,False,,O05439
Rv3912,-,alanine rich protein,NonEssential,H37Rv,0.448,-0.708,2.237,False,,P9WJ65
Rv3916c,-,hypothetical protein,NonEssential,H37Rv,-2.795,-9.04,4.627,False,,O53594
Rv3920c,-,spoIIIJ-associated protein,NonEssential,H37Rv,-1.95,-3.22,-0.283,False,,O53598
Rv3922c,-,hemolysin,NonEssential,H37Rv,-4.821,-10.489,1.942,False,,P9WFL9
